"LICENSE","LICENSE_CATEGORY","LICENSE_TYPE","LICENSE_NAME","DBA","LICENSE_STATUS","LICENSE_ISSUE_DATE","LICENSE_EXPIRATION_DATE","LICENSE_ADDRESS","LICENSE_COUNTY","LICENSE_STATE","LICENSE_CITY","LICENSE_WEBSITE"
"AMS102","Store","Store","ORIGINS CANNABIS COMPANY LLC","""","Active","12-MAR-26","11-MAR-27","884 Western Ave ","Kennebec","ME","Manchester","https://originsmaine.com"
"AMS102","Store","Store","ORIGINS CANNABIS COMPANY LLC","""","Active","12-MAR-26","11-MAR-27","884 Western Ave ","Kennebec","ME","Manchester","https://originsmaine.com"
"AMS110","Store","Store","SEA LEVEL WEED CO.","""","Active","10-MAR-26","09-MAR-27","23 Marginal Way ","Cumberland","ME","Portland","https://seaweedmaine.com/"
"AMS110","Store","Store","SEA LEVEL WEED CO.","""","Active","10-MAR-26","09-MAR-27","23 Marginal Way ","Cumberland","ME","Portland","https://seaweedmaine.com/"
"AMS110","Store","Store","SEA LEVEL WEED CO.","""","Active","10-MAR-26","09-MAR-27","23 Marginal Way ","Cumberland","ME","Portland","https://seaweedmaine.com/"
"AMS117","Store","Store","MYSTIQUE RETAIL LLC","MYSTIQUE OF MAINE","Active","29-APR-26","28-APR-27","745 Forest Ave ","Cumberland","ME","Portland",""""
"AMS117","Store","Store","MYSTIQUE RETAIL LLC","MYSTIQUE OF MAINE","Active","29-APR-26","28-APR-27","745 Forest Ave ","Cumberland","ME","Portland",""""
"AMS117","Store","Store","MYSTIQUE RETAIL LLC","MYSTIQUE OF MAINE","Active","29-APR-26","28-APR-27","745 Forest Ave ","Cumberland","ME","Portland",""""
"AMS117","Store","Store","MYSTIQUE RETAIL LLC","MYSTIQUE OF MAINE","Active","29-APR-26","28-APR-27","745 Forest Ave ","Cumberland","ME","Portland",""""
"AMS117","Store","Store","MYSTIQUE RETAIL LLC","MYSTIQUE OF MAINE","Active","29-APR-26","28-APR-27","745 Forest Ave ","Cumberland","ME","Portland",""""
"AMS117","Store","Store","MYSTIQUE RETAIL LLC","MYSTIQUE OF MAINE","Active","29-APR-26","28-APR-27","745 Forest Ave ","Cumberland","ME","Portland",""""
"AMS117","Store","Store","MYSTIQUE RETAIL LLC","MYSTIQUE OF MAINE","Active","29-APR-26","28-APR-27","745 Forest Ave ","Cumberland","ME","Portland",""""
"AMS124","Store","Store","NORTHLAND BOTANICALS, LLC","""","Active","21-SEP-25","20-SEP-26","152 Main Street ","Franklin","ME","Stratton","https://cannabiscured.com/stratton-rec"
"AMS124","Store","Store","NORTHLAND BOTANICALS, LLC","""","Active","21-SEP-25","20-SEP-26","152 Main Street ","Franklin","ME","Stratton","https://cannabiscured.com/stratton-rec"
"AMS135","Store","Store","SEAWEED CO.","""","Active","14-SEP-25","13-SEP-26","185 Running Hill Road ","Cumberland","ME","South Portland","https://seaweedmaine.com/"
"AMS135","Store","Store","SEAWEED CO.","""","Active","14-SEP-25","13-SEP-26","185 Running Hill Road ","Cumberland","ME","South Portland","https://seaweedmaine.com/"
"AMS135","Store","Store","SEAWEED CO.","""","Active","14-SEP-25","13-SEP-26","185 Running Hill Road ","Cumberland","ME","South Portland","https://seaweedmaine.com/"
"AMS155","Store","Store","THEORY WELLNESS OF MAINE LLC","THEORY WELLNESS","Active","07-SEP-25","06-SEP-26","198 Maine Mall Rd # 1 ","Cumberland","ME","South Portland",""""
"AMS155","Store","Store","THEORY WELLNESS OF MAINE LLC","THEORY WELLNESS","Active","07-SEP-25","06-SEP-26","198 Maine Mall Rd # 1 ","Cumberland","ME","South Portland",""""
"AMS165","Store","Store","HIGHBROW INDUSTRIES, LLC","""","Active","26-MAR-26","25-MAR-27","137 Leeman Highway ","Sagadahoc","ME","Bath","https://www.highbrowmaine.com/"
"AMS165","Store","Store","HIGHBROW INDUSTRIES, LLC","""","Active","26-MAR-26","25-MAR-27","137 Leeman Highway ","Sagadahoc","ME","Bath","https://www.highbrowmaine.com/"
"AMS165","Store","Store","HIGHBROW INDUSTRIES, LLC","""","Active","26-MAR-26","25-MAR-27","137 Leeman Highway ","Sagadahoc","ME","Bath","https://www.highbrowmaine.com/"
"AMS165","Store","Store","HIGHBROW INDUSTRIES, LLC","""","Active","26-MAR-26","25-MAR-27","137 Leeman Highway ","Sagadahoc","ME","Bath","https://www.highbrowmaine.com/"
"AMS166","Store","Store","HIGHBROW INDUSTRIES, LLC","""","Active","31-DEC-25","30-DEC-26","696 Main Street ","Knox","ME","Rockland","https://www.highbrowmaine.com/"
"AMS166","Store","Store","HIGHBROW INDUSTRIES, LLC","""","Active","31-DEC-25","30-DEC-26","696 Main Street ","Knox","ME","Rockland","https://www.highbrowmaine.com/"
"AMS166","Store","Store","HIGHBROW INDUSTRIES, LLC","""","Active","31-DEC-25","30-DEC-26","696 Main Street ","Knox","ME","Rockland","https://www.highbrowmaine.com/"
"AMS166","Store","Store","HIGHBROW INDUSTRIES, LLC","""","Active","31-DEC-25","30-DEC-26","696 Main Street ","Knox","ME","Rockland","https://www.highbrowmaine.com/"
"AMS183","Store","Store","SILVER THERAPEUTICS OF BERWICK, LLC","SILVER THERAPAUTICS WEED DISPENSARY & DELIVERY BERWICK","Active","14-JAN-26","13-JAN-27","60 Route 236 ","York","ME","Berwick","https://silver-therapeutics.com/location/recreational-cannabis-dispensary-berwick-me-03901/#info"
"AMS183","Store","Store","SILVER THERAPEUTICS OF BERWICK, LLC","SILVER THERAPAUTICS WEED DISPENSARY & DELIVERY BERWICK","Active","14-JAN-26","13-JAN-27","60 Route 236 ","York","ME","Berwick","https://silver-therapeutics.com/location/recreational-cannabis-dispensary-berwick-me-03901/#info"
"AMS188","Store","Store","AAA PHARMACEUTICAL ALTERNATIVES","""","Active","31-MAR-26","30-MAR-27","601 Western Ave Bldg 1 ","Kennebec","ME","Manchester","www.AAAPHARMACEUTICALALTERNATIVES.com"
"AMS188","Store","Store","AAA PHARMACEUTICAL ALTERNATIVES","""","Active","31-MAR-26","30-MAR-27","601 Western Ave Bldg 1 ","Kennebec","ME","Manchester","www.AAAPHARMACEUTICALALTERNATIVES.com"
"AMS206","Store","Store","SWEET RELIEF SHOP LLC","SWEET RELIEF SHOP","Active","07-SEP-25","06-SEP-26","1 Priest Rd ","Waldo","ME","Northport",""""
"AMS206","Store","Store","SWEET RELIEF SHOP LLC","SWEET RELIEF SHOP","Active","07-SEP-25","06-SEP-26","1 Priest Rd ","Waldo","ME","Northport",""""
"AMS208","Store","Store","BANGOR-BOHN, LLC","BROTHERS","Active","28-JAN-26","27-JAN-27","469 Stillwater Ave ","Penobscot","ME","Bangor",""""
"AMS208","Store","Store","BANGOR-BOHN, LLC","BROTHERS","Active","28-JAN-26","27-JAN-27","469 Stillwater Ave ","Penobscot","ME","Bangor",""""
"AMS208","Store","Store","BANGOR-BOHN, LLC","BROTHERS","Active","28-JAN-26","27-JAN-27","469 Stillwater Ave ","Penobscot","ME","Bangor",""""
"AMS208","Store","Store","BANGOR-BOHN, LLC","BROTHERS","Active","28-JAN-26","27-JAN-27","469 Stillwater Ave ","Penobscot","ME","Bangor",""""
"AMS212","Store","Store","HI-LO DISPENSARY, LLC","""","Active","09-OCT-25","08-OCT-26","435 Maine Street ","Androscoggin","ME","Poland",""""
"AMS212","Store","Store","HI-LO DISPENSARY, LLC","""","Active","09-OCT-25","08-OCT-26","435 Maine Street ","Androscoggin","ME","Poland",""""
"AMS216","Store","Store","JAMY ENTERPRISES, LLC","THE HEALING COMMUNITY MEDCO","Active","14-SEP-25","13-SEP-26","119 Skiway Road ","Oxford","ME","Newry","https://thcmedco.com/"
"AMS216","Store","Store","JAMY ENTERPRISES, LLC","THE HEALING COMMUNITY MEDCO","Active","14-SEP-25","13-SEP-26","119 Skiway Road ","Oxford","ME","Newry","https://thcmedco.com/"
"AMS216","Store","Store","JAMY ENTERPRISES, LLC","THE HEALING COMMUNITY MEDCO","Active","14-SEP-25","13-SEP-26","119 Skiway Road ","Oxford","ME","Newry","https://thcmedco.com/"
"AMS216","Store","Store","JAMY ENTERPRISES, LLC","THE HEALING COMMUNITY MEDCO","Active","14-SEP-25","13-SEP-26","119 Skiway Road ","Oxford","ME","Newry","https://thcmedco.com/"
"AMS216","Store","Store","JAMY ENTERPRISES, LLC","THE HEALING COMMUNITY MEDCO","Active","14-SEP-25","13-SEP-26","119 Skiway Road ","Oxford","ME","Newry","https://thcmedco.com/"
"AMS216","Store","Store","JAMY ENTERPRISES, LLC","THE HEALING COMMUNITY MEDCO","Active","14-SEP-25","13-SEP-26","119 Skiway Road ","Oxford","ME","Newry","https://thcmedco.com/"
"AMS228","Store","Store","FIRESTORM CULTIVATION","""","Active","01-OCT-25","30-SEP-26","1172 Hammond St ","Penobscot","ME","Bangor",""""
"AMS228","Store","Store","FIRESTORM CULTIVATION","""","Active","01-OCT-25","30-SEP-26","1172 Hammond St ","Penobscot","ME","Bangor",""""
"AMS228","Store","Store","FIRESTORM CULTIVATION","""","Active","01-OCT-25","30-SEP-26","1172 Hammond St ","Penobscot","ME","Bangor",""""
"AMS233","Store","Store","OPCO LLC","KIND FARM RESERVE","Active","30-JUN-26","29-JUN-27","3 Kind Farms Way ","York","ME","Berwick",""""
"AMS233","Store","Store","OPCO LLC","KIND FARM RESERVE","Active","30-JUN-26","29-JUN-27","3 Kind Farms Way ","York","ME","Berwick",""""
"AMS233","Store","Store","OPCO LLC","KIND FARM RESERVE","Active","30-JUN-26","29-JUN-27","3 Kind Farms Way ","York","ME","Berwick",""""
"AMS233","Store","Store","OPCO LLC","KIND FARM RESERVE","Active","30-JUN-26","29-JUN-27","3 Kind Farms Way ","York","ME","Berwick",""""
"AMS236","Store","Store","MEOWY JANE, LLC","""","Active","16-NOV-25","15-NOV-26","145 Commercial St ","Cumberland","ME","Portland","meowyjane.org"
"AMS236","Store","Store","MEOWY JANE, LLC","""","Active","16-NOV-25","15-NOV-26","145 Commercial St ","Cumberland","ME","Portland","meowyjane.org"
"AMS236","Store","Store","MEOWY JANE, LLC","""","Active","16-NOV-25","15-NOV-26","145 Commercial St ","Cumberland","ME","Portland","meowyjane.org"
"AMS236","Store","Store","MEOWY JANE, LLC","""","Active","16-NOV-25","15-NOV-26","145 Commercial St ","Cumberland","ME","Portland","meowyjane.org"
"AMS236","Store","Store","MEOWY JANE, LLC","""","Active","16-NOV-25","15-NOV-26","145 Commercial St ","Cumberland","ME","Portland","meowyjane.org"
"AMS242","Store","Store","GRASS ROOTS MARIJUANA SHOP LLC","GRM SHOP","Active","10-MAR-26","09-MAR-27","377 Saint John St ","Cumberland","ME","Portland","https://www.grm207.com/"
"AMS242","Store","Store","GRASS ROOTS MARIJUANA SHOP LLC","GRM SHOP","Active","10-MAR-26","09-MAR-27","377 Saint John St ","Cumberland","ME","Portland","https://www.grm207.com/"
"AMS242","Store","Store","GRASS ROOTS MARIJUANA SHOP LLC","GRM SHOP","Active","10-MAR-26","09-MAR-27","377 Saint John St ","Cumberland","ME","Portland","https://www.grm207.com/"
"AMS242","Store","Store","GRASS ROOTS MARIJUANA SHOP LLC","GRM SHOP","Active","10-MAR-26","09-MAR-27","377 Saint John St ","Cumberland","ME","Portland","https://www.grm207.com/"
"AMS242","Store","Store","GRASS ROOTS MARIJUANA SHOP LLC","GRM SHOP","Active","10-MAR-26","09-MAR-27","377 Saint John St ","Cumberland","ME","Portland","https://www.grm207.com/"
"AMS242","Store","Store","GRASS ROOTS MARIJUANA SHOP LLC","GRM SHOP","Active","10-MAR-26","09-MAR-27","377 Saint John St ","Cumberland","ME","Portland","https://www.grm207.com/"
"AMS252","Store","Store","GREEN ALIEN CANNABIS COMPANY II, LLC","CANNABIS CURED PORTLAND","Active","14-JUN-26","13-JUN-27","442 Fore St ","Cumberland","ME","Portland","https://cannabiscured.com/dispensaries/portland/"
"AMS252","Store","Store","GREEN ALIEN CANNABIS COMPANY II, LLC","CANNABIS CURED PORTLAND","Active","14-JUN-26","13-JUN-27","442 Fore St ","Cumberland","ME","Portland","https://cannabiscured.com/dispensaries/portland/"
"AMS252","Store","Store","GREEN ALIEN CANNABIS COMPANY II, LLC","CANNABIS CURED PORTLAND","Active","14-JUN-26","13-JUN-27","442 Fore St ","Cumberland","ME","Portland","https://cannabiscured.com/dispensaries/portland/"
"AMS258","Store","Store","THE CANNABIS CABIN LLC","""","Active","19-NOV-25","18-NOV-26","50 Mechanic Falls Rd ","Androscoggin","ME","Poland","https://thecabincannabis.ca/"
"AMS258","Store","Store","THE CANNABIS CABIN LLC","""","Active","19-NOV-25","18-NOV-26","50 Mechanic Falls Rd ","Androscoggin","ME","Poland","https://thecabincannabis.ca/"
"AMS258","Store","Store","THE CANNABIS CABIN LLC","""","Active","19-NOV-25","18-NOV-26","50 Mechanic Falls Rd ","Androscoggin","ME","Poland","https://thecabincannabis.ca/"
"AMS276","Store","Store","ARCANNA RETAIL LLC","EAST COAST CANNABIS","Active","09-JUN-26","08-JUN-27","290 Harold L Dow Highway ","York","ME","Eliot",""""
"AMS276","Store","Store","ARCANNA RETAIL LLC","EAST COAST CANNABIS","Active","09-JUN-26","08-JUN-27","290 Harold L Dow Highway ","York","ME","Eliot",""""
"AMS276","Store","Store","ARCANNA RETAIL LLC","EAST COAST CANNABIS","Active","09-JUN-26","08-JUN-27","290 Harold L Dow Highway ","York","ME","Eliot",""""
"AMS276","Store","Store","ARCANNA RETAIL LLC","EAST COAST CANNABIS","Active","09-JUN-26","08-JUN-27","290 Harold L Dow Highway ","York","ME","Eliot",""""
"AMS297","Store","Store","STICKY DIAMOND, LLC","""","Active","27-MAY-26","26-MAY-27","55 Rome Rd Unit 2 ","Kennebec","ME","Rome","Stickydiamond.com"
"AMS297","Store","Store","STICKY DIAMOND, LLC","""","Active","27-MAY-26","26-MAY-27","55 Rome Rd Unit 2 ","Kennebec","ME","Rome","Stickydiamond.com"
"AMS304","Store","Store","PINE TREE MAINE 2, LLC","LANDRACE CANNABIS CO.","Active","17-MAR-26","16-MAR-27","415 Hollis Rd ","York","ME","Hollis Center",""""
"AMS304","Store","Store","PINE TREE MAINE 2, LLC","LANDRACE CANNABIS CO.","Active","17-MAR-26","16-MAR-27","415 Hollis Rd ","York","ME","Hollis Center",""""
"AMS304","Store","Store","PINE TREE MAINE 2, LLC","LANDRACE CANNABIS CO.","Active","17-MAR-26","16-MAR-27","415 Hollis Rd ","York","ME","Hollis Center",""""
"AMS306","Store","Store","THE STONED MOOSE LLC","""","Active","23-AUG-25","22-AUG-26","22 Sunday River Rd Unit A ","Oxford","ME","Bethel","www.thestonedmoose.com"
"AMS306","Store","Store","THE STONED MOOSE LLC","""","Active","23-AUG-25","22-AUG-26","22 Sunday River Rd Unit A ","Oxford","ME","Bethel","www.thestonedmoose.com"
"AMS306","Store","Store","THE STONED MOOSE LLC","""","Active","23-AUG-25","22-AUG-26","22 Sunday River Rd Unit A ","Oxford","ME","Bethel","www.thestonedmoose.com"
"AMS306","Store","Store","THE STONED MOOSE LLC","""","Active","23-AUG-25","22-AUG-26","22 Sunday River Rd Unit A ","Oxford","ME","Bethel","www.thestonedmoose.com"
"AMS306","Store","Store","THE STONED MOOSE LLC","""","Active","23-AUG-25","22-AUG-26","22 Sunday River Rd Unit A ","Oxford","ME","Bethel","www.thestonedmoose.com"
"AMS306","Store","Store","THE STONED MOOSE LLC","""","Active","23-AUG-25","22-AUG-26","22 Sunday River Rd Unit A ","Oxford","ME","Bethel","www.thestonedmoose.com"
"AMS306","Store","Store","THE STONED MOOSE LLC","""","Active","23-AUG-25","22-AUG-26","22 Sunday River Rd Unit A ","Oxford","ME","Bethel","www.thestonedmoose.com"
"AMS306","Store","Store","THE STONED MOOSE LLC","""","Active","23-AUG-25","22-AUG-26","22 Sunday River Rd Unit A ","Oxford","ME","Bethel","www.thestonedmoose.com"
"AMS306","Store","Store","THE STONED MOOSE LLC","""","Active","23-AUG-25","22-AUG-26","22 Sunday River Rd Unit A ","Oxford","ME","Bethel","www.thestonedmoose.com"
"AMS306","Store","Store","THE STONED MOOSE LLC","""","Active","23-AUG-25","22-AUG-26","22 Sunday River Rd Unit A ","Oxford","ME","Bethel","www.thestonedmoose.com"
"AMS306","Store","Store","THE STONED MOOSE LLC","""","Active","23-AUG-25","22-AUG-26","22 Sunday River Rd Unit A ","Oxford","ME","Bethel","www.thestonedmoose.com"
"AMS311","Store","Store","BOTANY, INC.","""","Active","26-AUG-25","25-AUG-26","409 Main St ","Knox","ME","Rockland","https://botanymaine.com/"
"AMS311","Store","Store","BOTANY, INC.","""","Active","26-AUG-25","25-AUG-26","409 Main St ","Knox","ME","Rockland","https://botanymaine.com/"
"AMS311","Store","Store","BOTANY, INC.","""","Active","26-AUG-25","25-AUG-26","409 Main St ","Knox","ME","Rockland","https://botanymaine.com/"
"AMS311","Store","Store","BOTANY, INC.","""","Active","26-AUG-25","25-AUG-26","409 Main St ","Knox","ME","Rockland","https://botanymaine.com/"
"AMS311","Store","Store","BOTANY, INC.","""","Active","26-AUG-25","25-AUG-26","409 Main St ","Knox","ME","Rockland","https://botanymaine.com/"
"AMS311","Store","Store","BOTANY, INC.","""","Active","26-AUG-25","25-AUG-26","409 Main St ","Knox","ME","Rockland","https://botanymaine.com/"
"AMS324","Store","Store","PINE TREE MAINE 3, LLC","LANDRACE CANNABIS CO","Active","27-APR-26","26-APR-27","373 Forest Ave ","Cumberland","ME","Portland",""""
"AMS324","Store","Store","PINE TREE MAINE 3, LLC","LANDRACE CANNABIS CO","Active","27-APR-26","26-APR-27","373 Forest Ave ","Cumberland","ME","Portland",""""
"AMS324","Store","Store","PINE TREE MAINE 3, LLC","LANDRACE CANNABIS CO","Active","27-APR-26","26-APR-27","373 Forest Ave ","Cumberland","ME","Portland",""""
"AMS331","Store","Store","ALL KIND BODEGA LLC","""","Active","19-MAR-26","18-MAR-27","684 Congress St ","Cumberland","ME","Portland","https://allkind.buzz"
"AMS331","Store","Store","ALL KIND BODEGA LLC","""","Active","19-MAR-26","18-MAR-27","684 Congress St ","Cumberland","ME","Portland","https://allkind.buzz"
"AMS343","Store","Store","HIGHLY CANNACO AUBURN RETAIL, LLC","""","Active","29-JUN-26","28-JUN-27","648 Turner St ","Androscoggin","ME","Auburn","https://gethighly.com/"
"AMS343","Store","Store","HIGHLY CANNACO AUBURN RETAIL, LLC","""","Active","29-JUN-26","28-JUN-27","648 Turner St ","Androscoggin","ME","Auburn","https://gethighly.com/"
"AMS386","Store","Store","DIRIGO NATURALS, LLC","FOLIAGE ME","Active","24-AUG-26","23-AUG-27","446 Western Ave ","Cumberland","ME","South Portland",""""
"AMS386","Store","Store","DIRIGO NATURALS, LLC","FOLIAGE ME","Active","24-AUG-26","23-AUG-27","446 Western Ave ","Cumberland","ME","South Portland",""""
"AMS386","Store","Store","DIRIGO NATURALS, LLC","FOLIAGE ME","Active","24-AUG-26","23-AUG-27","446 Western Ave ","Cumberland","ME","South Portland",""""
"AMS400","Store","Store","OMG CANNABIS CO. RETAIL, LLC","OMG CANNABIS CO.","Active","22-JUL-26","21-JUL-27","47 India St Ste C ","Cumberland","ME","Portland","https://www.omglove.me/"
"AMS400","Store","Store","OMG CANNABIS CO. RETAIL, LLC","OMG CANNABIS CO.","Active","22-JUL-26","21-JUL-27","47 India St Ste C ","Cumberland","ME","Portland","https://www.omglove.me/"
"AMS416","Store","Store","ROYAL LEAF LLC","ROYAL LEAF APOTHECARY","Active","08-DEC-25","07-DEC-26","415 Main St ","Aroostook","ME","Presque Isle",""""
"AMS416","Store","Store","ROYAL LEAF LLC","ROYAL LEAF APOTHECARY","Active","08-DEC-25","07-DEC-26","415 Main St ","Aroostook","ME","Presque Isle",""""
"AMS416","Store","Store","ROYAL LEAF LLC","ROYAL LEAF APOTHECARY","Active","08-DEC-25","07-DEC-26","415 Main St ","Aroostook","ME","Presque Isle",""""
"AMS428","Store","Store","ORIGINS SALE ME LLC","ROSE MARY JANE","Active","14-SEP-25","13-SEP-26","327 Saint John St ","Cumberland","ME","Portland","https://www.originscannabis.com"
"AMS428","Store","Store","ORIGINS SALE ME LLC","ROSE MARY JANE","Active","14-SEP-25","13-SEP-26","327 Saint John St ","Cumberland","ME","Portland","https://www.originscannabis.com"
"AMS476","Store","Store","JULIE TUBBS","GARDEN LITES","Active","28-APR-26","27-APR-27","16 North Main Street ","Oxford","ME","Peru",""""
"AMS476","Store","Store","JULIE TUBBS","GARDEN LITES","Active","28-APR-26","27-APR-27","16 North Main Street ","Oxford","ME","Peru",""""
"AMS488","Store","Store","HUMBLE FAMILY FARMS RETAIL GROUP, LLC","HUMBLE FAMILY FARMS","Active","03-AUG-26","02-AUG-27","415 Sabattus St Ste A ","Androscoggin","ME","Lewiston","www.humblefamilyfarmsmaine.com"
"AMS488","Store","Store","HUMBLE FAMILY FARMS RETAIL GROUP, LLC","HUMBLE FAMILY FARMS","Active","03-AUG-26","02-AUG-27","415 Sabattus St Ste A ","Androscoggin","ME","Lewiston","www.humblefamilyfarmsmaine.com"
"AMS511","Store","Store","ECC LEBANON RETAIL LLC","EAST COAST CANNABIS","Active","14-MAR-26","13-MAR-27","1716 Carl Broggi Hwy ","York","ME","Lebanon",""""
"AMS511","Store","Store","ECC LEBANON RETAIL LLC","EAST COAST CANNABIS","Active","14-MAR-26","13-MAR-27","1716 Carl Broggi Hwy ","York","ME","Lebanon",""""
"AMS511","Store","Store","ECC LEBANON RETAIL LLC","EAST COAST CANNABIS","Active","14-MAR-26","13-MAR-27","1716 Carl Broggi Hwy ","York","ME","Lebanon",""""
"AMS511","Store","Store","ECC LEBANON RETAIL LLC","EAST COAST CANNABIS","Active","14-MAR-26","13-MAR-27","1716 Carl Broggi Hwy ","York","ME","Lebanon",""""
"AMS559","Store","Store","LIMITED EDITION FARM, LLC","""","Active","09-DEC-25","08-DEC-26","223 S Main St Unit A ","Somerset","ME","Solon",""""
"AMS559","Store","Store","LIMITED EDITION FARM, LLC","""","Active","09-DEC-25","08-DEC-26","223 S Main St Unit A ","Somerset","ME","Solon",""""
"AMS559","Store","Store","LIMITED EDITION FARM, LLC","""","Active","09-DEC-25","08-DEC-26","223 S Main St Unit A ","Somerset","ME","Solon",""""
"AMS559","Store","Store","LIMITED EDITION FARM, LLC","""","Active","09-DEC-25","08-DEC-26","223 S Main St Unit A ","Somerset","ME","Solon",""""
"AMS564","Store","Store","GREEN ALIEN CANNABIS COMPANY, LLC","CANNABIS CURED RETAIL","Active","20-OCT-25","19-OCT-26","49 Bangor Mall Blvd ","Penobscot","ME","Bangor","https://cannabiscured.com/"
"AMS564","Store","Store","GREEN ALIEN CANNABIS COMPANY, LLC","CANNABIS CURED RETAIL","Active","20-OCT-25","19-OCT-26","49 Bangor Mall Blvd ","Penobscot","ME","Bangor","https://cannabiscured.com/"
"AMS564","Store","Store","GREEN ALIEN CANNABIS COMPANY, LLC","CANNABIS CURED RETAIL","Active","20-OCT-25","19-OCT-26","49 Bangor Mall Blvd ","Penobscot","ME","Bangor","https://cannabiscured.com/"
"AMS565","Store","Store","GREEN ALIEN CANNABIS COMPANY, LLC","CANNABIS CURED RETAIL","Active","18-JUN-26","17-JUN-27","155 New County Rd ","Knox","ME","Thomaston",""""
"AMS565","Store","Store","GREEN ALIEN CANNABIS COMPANY, LLC","CANNABIS CURED RETAIL","Active","18-JUN-26","17-JUN-27","155 New County Rd ","Knox","ME","Thomaston",""""
"AMS565","Store","Store","GREEN ALIEN CANNABIS COMPANY, LLC","CANNABIS CURED RETAIL","Active","18-JUN-26","17-JUN-27","155 New County Rd ","Knox","ME","Thomaston",""""
"AMS571","Store","Store","LNI, LLC","RIVER DRIVER CANNABIS CO.","Active","04-AUG-26","03-AUG-27","132 Church Rd ","Cumberland","ME","Brunswick",""""
"AMS571","Store","Store","LNI, LLC","RIVER DRIVER CANNABIS CO.","Active","04-AUG-26","03-AUG-27","132 Church Rd ","Cumberland","ME","Brunswick",""""
"AMS571","Store","Store","LNI, LLC","RIVER DRIVER CANNABIS CO.","Active","04-AUG-26","03-AUG-27","132 Church Rd ","Cumberland","ME","Brunswick",""""
"AMS571","Store","Store","LNI, LLC","RIVER DRIVER CANNABIS CO.","Active","04-AUG-26","03-AUG-27","132 Church Rd ","Cumberland","ME","Brunswick",""""
"AMS571","Store","Store","LNI, LLC","RIVER DRIVER CANNABIS CO.","Active","04-AUG-26","03-AUG-27","132 Church Rd ","Cumberland","ME","Brunswick",""""
"AMS571","Store","Store","LNI, LLC","RIVER DRIVER CANNABIS CO.","Active","04-AUG-26","03-AUG-27","132 Church Rd ","Cumberland","ME","Brunswick",""""
"AMS571","Store","Store","LNI, LLC","RIVER DRIVER CANNABIS CO.","Active","04-AUG-26","03-AUG-27","132 Church Rd ","Cumberland","ME","Brunswick",""""
"AMS590","Store","Store","PUFFIN COMPANY 3 LLC","THE GREAT ATLANTIC PUFFIN COMPANY ADULT USE","Active","10-JAN-26","09-JAN-27","510 Portland Rd ","Cumberland","ME","Bridgton","https://greatatlanticpuffincorec.com/home/"
"AMS590","Store","Store","PUFFIN COMPANY 3 LLC","THE GREAT ATLANTIC PUFFIN COMPANY ADULT USE","Active","10-JAN-26","09-JAN-27","510 Portland Rd ","Cumberland","ME","Bridgton","https://greatatlanticpuffincorec.com/home/"
"AMS590","Store","Store","PUFFIN COMPANY 3 LLC","THE GREAT ATLANTIC PUFFIN COMPANY ADULT USE","Active","10-JAN-26","09-JAN-27","510 Portland Rd ","Cumberland","ME","Bridgton","https://greatatlanticpuffincorec.com/home/"
"AMS590","Store","Store","PUFFIN COMPANY 3 LLC","THE GREAT ATLANTIC PUFFIN COMPANY ADULT USE","Active","10-JAN-26","09-JAN-27","510 Portland Rd ","Cumberland","ME","Bridgton","https://greatatlanticpuffincorec.com/home/"
"AMS593","Store","Store","SWEET DIRT 2, LLC","HIGH VALUE CANNABIS","Active","02-DEC-25","01-DEC-26","475 Kennedy Memorial Dr ","Kennebec","ME","Waterville","https://highvaluecannabis.com/"
"AMS593","Store","Store","SWEET DIRT 2, LLC","HIGH VALUE CANNABIS","Active","02-DEC-25","01-DEC-26","475 Kennedy Memorial Dr ","Kennebec","ME","Waterville","https://highvaluecannabis.com/"
"AMS593","Store","Store","SWEET DIRT 2, LLC","HIGH VALUE CANNABIS","Active","02-DEC-25","01-DEC-26","475 Kennedy Memorial Dr ","Kennebec","ME","Waterville","https://highvaluecannabis.com/"
"AMS600","Store","Store","MERISTEM, LLC","""","Active","01-JUL-26","30-JUN-27","11 Seal Cove Rd ","Hancock","ME","Southwest Harbor","themeristem.com"
"AMS600","Store","Store","MERISTEM, LLC","""","Active","01-JUL-26","30-JUN-27","11 Seal Cove Rd ","Hancock","ME","Southwest Harbor","themeristem.com"
"AMS600","Store","Store","MERISTEM, LLC","""","Active","01-JUL-26","30-JUN-27","11 Seal Cove Rd ","Hancock","ME","Southwest Harbor","themeristem.com"
"AMS600","Store","Store","MERISTEM, LLC","""","Active","01-JUL-26","30-JUN-27","11 Seal Cove Rd ","Hancock","ME","Southwest Harbor","themeristem.com"
"AMS625","Store","Store","NOVA FARMS MAINE LLC","""","Active","08-SEP-25","07-SEP-26","22 Rockwood Rd ","Piscataquis","ME","Greenville Junction",""""
"AMS625","Store","Store","NOVA FARMS MAINE LLC","""","Active","08-SEP-25","07-SEP-26","22 Rockwood Rd ","Piscataquis","ME","Greenville Junction",""""
"AMS625","Store","Store","NOVA FARMS MAINE LLC","""","Active","08-SEP-25","07-SEP-26","22 Rockwood Rd ","Piscataquis","ME","Greenville Junction",""""
"AMS625","Store","Store","NOVA FARMS MAINE LLC","""","Active","08-SEP-25","07-SEP-26","22 Rockwood Rd ","Piscataquis","ME","Greenville Junction",""""
"AMS639","Store","Store","NATURAL HEALTHY LEAF LLC","PHO KING GREAT CANNABIS","Active","30-APR-26","29-APR-27","1114 Hammond St Ste 2 ","Penobscot","ME","Bangor","https://phokingweed.com/"
"AMS639","Store","Store","NATURAL HEALTHY LEAF LLC","PHO KING GREAT CANNABIS","Active","30-APR-26","29-APR-27","1114 Hammond St Ste 2 ","Penobscot","ME","Bangor","https://phokingweed.com/"
"AMS652","Store","Store","SELECTIVE LLC","""","Active","17-SEP-25","16-SEP-26","682 Main St Unit A ","Cumberland","ME","South Portland",""""
"AMS652","Store","Store","SELECTIVE LLC","""","Active","17-SEP-25","16-SEP-26","682 Main St Unit A ","Cumberland","ME","South Portland",""""
"AMS718","Store","Store","RED BRICK & MORTAR INC.","FIRESTORM OF ORONO","Active","27-SEP-25","26-SEP-26","6 Stillwater Ave Ste 600 ","Penobscot","ME","Orono",""""
"AMS718","Store","Store","RED BRICK & MORTAR INC.","FIRESTORM OF ORONO","Active","27-SEP-25","26-SEP-26","6 Stillwater Ave Ste 600 ","Penobscot","ME","Orono",""""
"AMS718","Store","Store","RED BRICK & MORTAR INC.","FIRESTORM OF ORONO","Active","27-SEP-25","26-SEP-26","6 Stillwater Ave Ste 600 ","Penobscot","ME","Orono",""""
"AMS719","Store","Store","THOMPSON LAKE CAREGIVING LLC","T.L.C'S THE HIDEAWAY","Active","07-FEB-26","06-FEB-27","483 Main St ","Oxford","ME","Oxford",""""
"AMS719","Store","Store","THOMPSON LAKE CAREGIVING LLC","T.L.C'S THE HIDEAWAY","Active","07-FEB-26","06-FEB-27","483 Main St ","Oxford","ME","Oxford",""""
"AMS719","Store","Store","THOMPSON LAKE CAREGIVING LLC","T.L.C'S THE HIDEAWAY","Active","07-FEB-26","06-FEB-27","483 Main St ","Oxford","ME","Oxford",""""
"AMS753","Store","Store","COASTAL ROOTS - PORTLAND, LLC","""","Active","17-FEB-26","16-FEB-27","953 Congress St ","Cumberland","ME","Portland","https://www.coastalroots.com/"
"AMS753","Store","Store","COASTAL ROOTS - PORTLAND, LLC","""","Active","17-FEB-26","16-FEB-27","953 Congress St ","Cumberland","ME","Portland","https://www.coastalroots.com/"
"AMS763","Store","Store","FARMACOLOGY, LLC","HIGHBROW","Active","11-MAR-26","10-MAR-27","767 Western Ave ","Kennebec","ME","Manchester","https://www.highbrowmaine.com/"
"AMS763","Store","Store","FARMACOLOGY, LLC","HIGHBROW","Active","11-MAR-26","10-MAR-27","767 Western Ave ","Kennebec","ME","Manchester","https://www.highbrowmaine.com/"
"AMS764","Store","Store","GREEN LIFE, LLC","""","Active","24-MAR-26","23-MAR-27","19 Park St ","Piscataquis","ME","Milo","https://milo.greenlifemaine.com/"
"AMS764","Store","Store","GREEN LIFE, LLC","""","Active","24-MAR-26","23-MAR-27","19 Park St ","Piscataquis","ME","Milo","https://milo.greenlifemaine.com/"
"AMS764","Store","Store","GREEN LIFE, LLC","""","Active","24-MAR-26","23-MAR-27","19 Park St ","Piscataquis","ME","Milo","https://milo.greenlifemaine.com/"
"AMS780","Store","Store","MYSTIQUE RETAIL LLC","MYSTIQUE OF MAINE","Active","03-MAR-26","02-MAR-27","375 Center St ","Androscoggin","ME","Auburn",""""
"AMS780","Store","Store","MYSTIQUE RETAIL LLC","MYSTIQUE OF MAINE","Active","03-MAR-26","02-MAR-27","375 Center St ","Androscoggin","ME","Auburn",""""
"AMS780","Store","Store","MYSTIQUE RETAIL LLC","MYSTIQUE OF MAINE","Active","03-MAR-26","02-MAR-27","375 Center St ","Androscoggin","ME","Auburn",""""
"AMS780","Store","Store","MYSTIQUE RETAIL LLC","MYSTIQUE OF MAINE","Active","03-MAR-26","02-MAR-27","375 Center St ","Androscoggin","ME","Auburn",""""
"AMS780","Store","Store","MYSTIQUE RETAIL LLC","MYSTIQUE OF MAINE","Active","03-MAR-26","02-MAR-27","375 Center St ","Androscoggin","ME","Auburn",""""
"AMS780","Store","Store","MYSTIQUE RETAIL LLC","MYSTIQUE OF MAINE","Active","03-MAR-26","02-MAR-27","375 Center St ","Androscoggin","ME","Auburn",""""
"AMS780","Store","Store","MYSTIQUE RETAIL LLC","MYSTIQUE OF MAINE","Active","03-MAR-26","02-MAR-27","375 Center St ","Androscoggin","ME","Auburn",""""
"AMS794","Store","Store","BELVIDERE FARMACY LLC","""","Active","05-OCT-25","04-OCT-26","Recreational Building 185 Pleasant St","Knox","ME","Rockland","https://www.belvidere.farm/home"
"AMS794","Store","Store","BELVIDERE FARMACY LLC","""","Active","05-OCT-25","04-OCT-26","Recreational Building 185 Pleasant St","Knox","ME","Rockland","https://www.belvidere.farm/home"
"AMS800","Store","Store","JAR CO. SOUTH PORTLAND LLC","JAR CANNABIS CO","Active","02-NOV-25","01-NOV-26","740 Broadway Ste 700 ","Cumberland","ME","South Portland","https://www.southportland.org"
"AMS800","Store","Store","JAR CO. SOUTH PORTLAND LLC","JAR CANNABIS CO","Active","02-NOV-25","01-NOV-26","740 Broadway Ste 700 ","Cumberland","ME","South Portland","https://www.southportland.org"
"AMS800","Store","Store","JAR CO. SOUTH PORTLAND LLC","JAR CANNABIS CO","Active","02-NOV-25","01-NOV-26","740 Broadway Ste 700 ","Cumberland","ME","South Portland","https://www.southportland.org"
"AMS800","Store","Store","JAR CO. SOUTH PORTLAND LLC","JAR CANNABIS CO","Active","02-NOV-25","01-NOV-26","740 Broadway Ste 700 ","Cumberland","ME","South Portland","https://www.southportland.org"
"AMS801","Store","Store","JAR CO. WINDHAM LLC","JAR CANNABIS CO","Active","11-FEB-26","10-FEB-27","11 Storm Dr Unit 4 ","Cumberland","ME","Windham","https://www.windhammaine.us/"
"AMS801","Store","Store","JAR CO. WINDHAM LLC","JAR CANNABIS CO","Active","11-FEB-26","10-FEB-27","11 Storm Dr Unit 4 ","Cumberland","ME","Windham","https://www.windhammaine.us/"
"AMS801","Store","Store","JAR CO. WINDHAM LLC","JAR CANNABIS CO","Active","11-FEB-26","10-FEB-27","11 Storm Dr Unit 4 ","Cumberland","ME","Windham","https://www.windhammaine.us/"
"AMS801","Store","Store","JAR CO. WINDHAM LLC","JAR CANNABIS CO","Active","11-FEB-26","10-FEB-27","11 Storm Dr Unit 4 ","Cumberland","ME","Windham","https://www.windhammaine.us/"
"AMS802","Store","Store","JAR CO. NEWRY LLC","JAR CANNABIS CO","Active","20-DEC-25","19-DEC-26","2 Post Office Mall ","Oxford","ME","Newry","https://jarcannabis.com/newry"
"AMS802","Store","Store","JAR CO. NEWRY LLC","JAR CANNABIS CO","Active","20-DEC-25","19-DEC-26","2 Post Office Mall ","Oxford","ME","Newry","https://jarcannabis.com/newry"
"AMS802","Store","Store","JAR CO. NEWRY LLC","JAR CANNABIS CO","Active","20-DEC-25","19-DEC-26","2 Post Office Mall ","Oxford","ME","Newry","https://jarcannabis.com/newry"
"AMS802","Store","Store","JAR CO. NEWRY LLC","JAR CANNABIS CO","Active","20-DEC-25","19-DEC-26","2 Post Office Mall ","Oxford","ME","Newry","https://jarcannabis.com/newry"
"AMS809","Store","Store","GREEN ALIEN CANNABIS COMPANY, LLC","CANNABIS CURED RETAIL","Active","22-DEC-25","21-DEC-26","1215 Carrabassett Dr ","Franklin","ME","Carrabassett Valley",""""
"AMS809","Store","Store","GREEN ALIEN CANNABIS COMPANY, LLC","CANNABIS CURED RETAIL","Active","22-DEC-25","21-DEC-26","1215 Carrabassett Dr ","Franklin","ME","Carrabassett Valley",""""
"AMS809","Store","Store","GREEN ALIEN CANNABIS COMPANY, LLC","CANNABIS CURED RETAIL","Active","22-DEC-25","21-DEC-26","1215 Carrabassett Dr ","Franklin","ME","Carrabassett Valley",""""
"AMS811","Store","Store","HIGHLY CANNACO BOOTHBAY RETAIL, LLC","""","Active","31-AUG-25","30-AUG-26","638 Wiscasset Rd ","Lincoln","ME","Boothbay",""""
"AMS811","Store","Store","HIGHLY CANNACO BOOTHBAY RETAIL, LLC","""","Active","31-AUG-25","30-AUG-26","638 Wiscasset Rd ","Lincoln","ME","Boothbay",""""
"AMS812","Store","Store","HIGHLY CANNACO SOUTH PORTLAND RETAIL, LLC","""","Active","15-MAR-26","14-MAR-27","200 Gorham Rd ","Cumberland","ME","South Portland","https://gethighly.com"
"AMS812","Store","Store","HIGHLY CANNACO SOUTH PORTLAND RETAIL, LLC","""","Active","15-MAR-26","14-MAR-27","200 Gorham Rd ","Cumberland","ME","South Portland","https://gethighly.com"
"AMS813","Store","Store","KOZ WE CAN LLC","BUDZ EMPORIUM","Active","10-JAN-26","09-JAN-27","1995 Medway Rd ","Penobscot","ME","Medway","https://budzemporium.com/"
"AMS813","Store","Store","KOZ WE CAN LLC","BUDZ EMPORIUM","Active","10-JAN-26","09-JAN-27","1995 Medway Rd ","Penobscot","ME","Medway","https://budzemporium.com/"
"AMS813","Store","Store","KOZ WE CAN LLC","BUDZ EMPORIUM","Active","10-JAN-26","09-JAN-27","1995 Medway Rd ","Penobscot","ME","Medway","https://budzemporium.com/"
"AMS827","Store","Store","ME PLANT BASED THERAPY LLC","HIGHBROW","Active","01-NOV-25","31-OCT-26","605 Congress St Unit C ","Cumberland","ME","Portland","https://sweetspotfarms.com/"
"AMS827","Store","Store","ME PLANT BASED THERAPY LLC","HIGHBROW","Active","01-NOV-25","31-OCT-26","605 Congress St Unit C ","Cumberland","ME","Portland","https://sweetspotfarms.com/"
"AMS827","Store","Store","ME PLANT BASED THERAPY LLC","HIGHBROW","Active","01-NOV-25","31-OCT-26","605 Congress St Unit C ","Cumberland","ME","Portland","https://sweetspotfarms.com/"
"AMS828","Store","Store","HOMEGROWN OF HALLOWELL LLC","""","Active","12-JUL-26","11-JUL-27","109 Water St ","Kennebec","ME","Hallowell","https://www.homegrownhealthcare.net/hallowell"
"AMS828","Store","Store","HOMEGROWN OF HALLOWELL LLC","""","Active","12-JUL-26","11-JUL-27","109 Water St ","Kennebec","ME","Hallowell","https://www.homegrownhealthcare.net/hallowell"
"AMS828","Store","Store","HOMEGROWN OF HALLOWELL LLC","""","Active","12-JUL-26","11-JUL-27","109 Water St ","Kennebec","ME","Hallowell","https://www.homegrownhealthcare.net/hallowell"
"AMS831","Store","Store","OXFORD PROVISIONS, LLC","ALTERNATIVE ESSENCE OXFORD","Active","06-JUL-26","05-JUL-27","7 Oxford Homes Ln Unit 1 ","Oxford","ME","Oxford",""""
"AMS831","Store","Store","OXFORD PROVISIONS, LLC","ALTERNATIVE ESSENCE OXFORD","Active","06-JUL-26","05-JUL-27","7 Oxford Homes Ln Unit 1 ","Oxford","ME","Oxford",""""
"AMS831","Store","Store","OXFORD PROVISIONS, LLC","ALTERNATIVE ESSENCE OXFORD","Active","06-JUL-26","05-JUL-27","7 Oxford Homes Ln Unit 1 ","Oxford","ME","Oxford",""""
"AMS832","Store","Store","MAINE ONLY LLC","""","Active","24-JUN-26","23-JUN-27","321 Hollis Rd ","York","ME","Hollis Center","https://www.maineonlycannabis.com/"
"AMS832","Store","Store","MAINE ONLY LLC","""","Active","24-JUN-26","23-JUN-27","321 Hollis Rd ","York","ME","Hollis Center","https://www.maineonlycannabis.com/"
"AMS832","Store","Store","MAINE ONLY LLC","""","Active","24-JUN-26","23-JUN-27","321 Hollis Rd ","York","ME","Hollis Center","https://www.maineonlycannabis.com/"
"AMS839","Store","Store","KIMBALL KUSH, LLC","BLACK BEAR BUD","Active","09-NOV-25","08-NOV-26","429 Warren Ave Unit 7 ","Cumberland","ME","Portland","https://blackbearbud.wm.store/about"
"AMS839","Store","Store","KIMBALL KUSH, LLC","BLACK BEAR BUD","Active","09-NOV-25","08-NOV-26","429 Warren Ave Unit 7 ","Cumberland","ME","Portland","https://blackbearbud.wm.store/about"
"AMS843","Store","Store","MAINE HILL JILLY LLC","BAYSIDE BUD SHACK AUS","Active","30-JUN-26","29-JUN-27","1369 Atlantic Hwy ","Waldo","ME","Northport","sunflowerfarmacy.com"
"AMS843","Store","Store","MAINE HILL JILLY LLC","BAYSIDE BUD SHACK AUS","Active","30-JUN-26","29-JUN-27","1369 Atlantic Hwy ","Waldo","ME","Northport","sunflowerfarmacy.com"
"AMS843","Store","Store","MAINE HILL JILLY LLC","BAYSIDE BUD SHACK AUS","Active","30-JUN-26","29-JUN-27","1369 Atlantic Hwy ","Waldo","ME","Northport","sunflowerfarmacy.com"
"AMS843","Store","Store","MAINE HILL JILLY LLC","BAYSIDE BUD SHACK AUS","Active","30-JUN-26","29-JUN-27","1369 Atlantic Hwy ","Waldo","ME","Northport","sunflowerfarmacy.com"
"AMS852","Store","Store","JAR CO. PORTLAND LLC","JAR CANNABIS CO.","Active","27-SEP-25","26-SEP-26","9 Exchange St ","Cumberland","ME","Portland","https://jarcannabis.com/"
"AMS852","Store","Store","JAR CO. PORTLAND LLC","JAR CANNABIS CO.","Active","27-SEP-25","26-SEP-26","9 Exchange St ","Cumberland","ME","Portland","https://jarcannabis.com/"
"AMS852","Store","Store","JAR CO. PORTLAND LLC","JAR CANNABIS CO.","Active","27-SEP-25","26-SEP-26","9 Exchange St ","Cumberland","ME","Portland","https://jarcannabis.com/"
"AMS852","Store","Store","JAR CO. PORTLAND LLC","JAR CANNABIS CO.","Active","27-SEP-25","26-SEP-26","9 Exchange St ","Cumberland","ME","Portland","https://jarcannabis.com/"
"AMS883","Store","Store","KENDER FARMS, INC.","""","Active","17-MAY-26","16-MAY-27","104 Fairbanks Rd ","Franklin","ME","Farmington",""""
"AMS883","Store","Store","KENDER FARMS, INC.","""","Active","17-MAY-26","16-MAY-27","104 Fairbanks Rd ","Franklin","ME","Farmington",""""
"AMS883","Store","Store","KENDER FARMS, INC.","""","Active","17-MAY-26","16-MAY-27","104 Fairbanks Rd ","Franklin","ME","Farmington",""""
"AMS883","Store","Store","KENDER FARMS, INC.","""","Active","17-MAY-26","16-MAY-27","104 Fairbanks Rd ","Franklin","ME","Farmington",""""
"AMS911","Store","Store","BROTHERS BROADWAY LLC","BROTHERS CANNABIS","Active","17-AUG-25","16-AUG-26","657 Broadway ","Penobscot","ME","Bangor",""""
"AMS911","Store","Store","BROTHERS BROADWAY LLC","BROTHERS CANNABIS","Active","17-AUG-25","16-AUG-26","657 Broadway ","Penobscot","ME","Bangor",""""
"AMS911","Store","Store","BROTHERS BROADWAY LLC","BROTHERS CANNABIS","Active","17-AUG-25","16-AUG-26","657 Broadway ","Penobscot","ME","Bangor",""""
"AMS911","Store","Store","BROTHERS BROADWAY LLC","BROTHERS CANNABIS","Active","17-AUG-25","16-AUG-26","657 Broadway ","Penobscot","ME","Bangor",""""
"AMS911","Store","Store","BROTHERS BROADWAY LLC","BROTHERS CANNABIS","Active","17-AUG-25","16-AUG-26","657 Broadway ","Penobscot","ME","Bangor",""""
"AMS911","Store","Store","BROTHERS BROADWAY LLC","BROTHERS CANNABIS","Active","17-AUG-25","16-AUG-26","657 Broadway ","Penobscot","ME","Bangor",""""
"AMS1027","Store","Store","ROCK STEADY, LLC","ROCK STEADY","Active","04-MAY-26","03-MAY-27","1139 Stillwater Ave Unit A ","Penobscot","ME","Bangor",""""
"AMS1027","Store","Store","ROCK STEADY, LLC","ROCK STEADY","Active","04-MAY-26","03-MAY-27","1139 Stillwater Ave Unit A ","Penobscot","ME","Bangor",""""
"AMS1027","Store","Store","ROCK STEADY, LLC","ROCK STEADY","Active","04-MAY-26","03-MAY-27","1139 Stillwater Ave Unit A ","Penobscot","ME","Bangor",""""
"AMS1027","Store","Store","ROCK STEADY, LLC","ROCK STEADY","Active","04-MAY-26","03-MAY-27","1139 Stillwater Ave Unit A ","Penobscot","ME","Bangor",""""
"AMS1133","Store","Store","BROTHERS BREWER, LLC","BROTHERS","Active","08-APR-26","07-APR-27","484b Wilson St ","Penobscot","ME","Brewer",""""
"AMS1133","Store","Store","BROTHERS BREWER, LLC","BROTHERS","Active","08-APR-26","07-APR-27","484b Wilson St ","Penobscot","ME","Brewer",""""
"AMS1133","Store","Store","BROTHERS BREWER, LLC","BROTHERS","Active","08-APR-26","07-APR-27","484b Wilson St ","Penobscot","ME","Brewer",""""
"AMS1133","Store","Store","BROTHERS BREWER, LLC","BROTHERS","Active","08-APR-26","07-APR-27","484b Wilson St ","Penobscot","ME","Brewer",""""
"AMS1162","Store","Store","SQUARE ONE, LLC","JUST BAKED","Active","12-APR-26","11-APR-27","115 W Broadway Unit 2b ","Penobscot","ME","Lincoln",""""
"AMS1162","Store","Store","SQUARE ONE, LLC","JUST BAKED","Active","12-APR-26","11-APR-27","115 W Broadway Unit 2b ","Penobscot","ME","Lincoln",""""
"AMS1162","Store","Store","SQUARE ONE, LLC","JUST BAKED","Active","12-APR-26","11-APR-27","115 W Broadway Unit 2b ","Penobscot","ME","Lincoln",""""
"AMS1162","Store","Store","SQUARE ONE, LLC","JUST BAKED","Active","12-APR-26","11-APR-27","115 W Broadway Unit 2b ","Penobscot","ME","Lincoln",""""
"AMS1180","Store","Store","LNI, LLC","RIVER DRIVER CANNABIS CO.","Active","22-JUN-26","21-JUN-27","8 Main St ","Androscoggin","ME","Lisbon",""""
"AMS1180","Store","Store","LNI, LLC","RIVER DRIVER CANNABIS CO.","Active","22-JUN-26","21-JUN-27","8 Main St ","Androscoggin","ME","Lisbon",""""
"AMS1180","Store","Store","LNI, LLC","RIVER DRIVER CANNABIS CO.","Active","22-JUN-26","21-JUN-27","8 Main St ","Androscoggin","ME","Lisbon",""""
"AMS1180","Store","Store","LNI, LLC","RIVER DRIVER CANNABIS CO.","Active","22-JUN-26","21-JUN-27","8 Main St ","Androscoggin","ME","Lisbon",""""
"AMS1180","Store","Store","LNI, LLC","RIVER DRIVER CANNABIS CO.","Active","22-JUN-26","21-JUN-27","8 Main St ","Androscoggin","ME","Lisbon",""""
"AMS1180","Store","Store","LNI, LLC","RIVER DRIVER CANNABIS CO.","Active","22-JUN-26","21-JUN-27","8 Main St ","Androscoggin","ME","Lisbon",""""
"AMS1180","Store","Store","LNI, LLC","RIVER DRIVER CANNABIS CO.","Active","22-JUN-26","21-JUN-27","8 Main St ","Androscoggin","ME","Lisbon",""""
"AMS1182","Store","Store","VERTIKAL RETAIL GROUP LLC","THE JOINT.ME","Active","21-DEC-25","20-DEC-26","1140 Brighton Ave Ste C ","Cumberland","ME","Portland","https://thejoint.me/"
"AMS1182","Store","Store","VERTIKAL RETAIL GROUP LLC","THE JOINT.ME","Active","21-DEC-25","20-DEC-26","1140 Brighton Ave Ste C ","Cumberland","ME","Portland","https://thejoint.me/"
"AMS1182","Store","Store","VERTIKAL RETAIL GROUP LLC","THE JOINT.ME","Active","21-DEC-25","20-DEC-26","1140 Brighton Ave Ste C ","Cumberland","ME","Portland","https://thejoint.me/"
"AMS1182","Store","Store","VERTIKAL RETAIL GROUP LLC","THE JOINT.ME","Active","21-DEC-25","20-DEC-26","1140 Brighton Ave Ste C ","Cumberland","ME","Portland","https://thejoint.me/"
"AMS1183","Store","Store","NORTH COUNTRY CANNABIS ME LLC","NORTH COUNTRY CANNABIS ME","Active","02-MAY-26","01-MAY-27","1 Wiggin St ","York","ME","Lebanon",""""
"AMS1183","Store","Store","NORTH COUNTRY CANNABIS ME LLC","NORTH COUNTRY CANNABIS ME","Active","02-MAY-26","01-MAY-27","1 Wiggin St ","York","ME","Lebanon",""""
"AMS1183","Store","Store","NORTH COUNTRY CANNABIS ME LLC","NORTH COUNTRY CANNABIS ME","Active","02-MAY-26","01-MAY-27","1 Wiggin St ","York","ME","Lebanon",""""
"AMS1183","Store","Store","NORTH COUNTRY CANNABIS ME LLC","NORTH COUNTRY CANNABIS ME","Active","02-MAY-26","01-MAY-27","1 Wiggin St ","York","ME","Lebanon",""""
"AMS1184","Store","Store","PINE TREE MAINE 5, LLC","LANDRACE CANNABIS","Active","09-JAN-26","08-JAN-27","97 Main St ","Sagadahoc","ME","Woolwich","www.landracecanna.com"
"AMS1184","Store","Store","PINE TREE MAINE 5, LLC","LANDRACE CANNABIS","Active","09-JAN-26","08-JAN-27","97 Main St ","Sagadahoc","ME","Woolwich","www.landracecanna.com"
"AMS1184","Store","Store","PINE TREE MAINE 5, LLC","LANDRACE CANNABIS","Active","09-JAN-26","08-JAN-27","97 Main St ","Sagadahoc","ME","Woolwich","www.landracecanna.com"
"AMS1193","Store","Store","GREEN ALIEN CANNABIS COMPANY, LLC","CANNABIS CURED RETAIL","Active","21-JUL-26","20-JUL-27","28 Levesque Dr Ste 3 ","York","ME","Eliot",""""
"AMS1193","Store","Store","GREEN ALIEN CANNABIS COMPANY, LLC","CANNABIS CURED RETAIL","Active","21-JUL-26","20-JUL-27","28 Levesque Dr Ste 3 ","York","ME","Eliot",""""
"AMS1193","Store","Store","GREEN ALIEN CANNABIS COMPANY, LLC","CANNABIS CURED RETAIL","Active","21-JUL-26","20-JUL-27","28 Levesque Dr Ste 3 ","York","ME","Eliot",""""
"AMS1194","Store","Store","GREEN ALIEN CANNABIS COMPANY, LLC","CANNABIS CURED RETAIL","Active","21-OCT-25","20-OCT-26","312 Mayville Rd Unit 4 ","Oxford","ME","Bethel","https://cannabiscured.com/"
"AMS1194","Store","Store","GREEN ALIEN CANNABIS COMPANY, LLC","CANNABIS CURED RETAIL","Active","21-OCT-25","20-OCT-26","312 Mayville Rd Unit 4 ","Oxford","ME","Bethel","https://cannabiscured.com/"
"AMS1194","Store","Store","GREEN ALIEN CANNABIS COMPANY, LLC","CANNABIS CURED RETAIL","Active","21-OCT-25","20-OCT-26","312 Mayville Rd Unit 4 ","Oxford","ME","Bethel","https://cannabiscured.com/"
"AMS1195","Store","Store","COASTAL DREAMS, LLC","BROTHERS CANNABIS BATH","Active","16-AUG-26","15-AUG-27","115 Leeman Hwy ","Sagadahoc","ME","Bath","https://www.broscannabis.com/"
"AMS1195","Store","Store","COASTAL DREAMS, LLC","BROTHERS CANNABIS BATH","Active","16-AUG-26","15-AUG-27","115 Leeman Hwy ","Sagadahoc","ME","Bath","https://www.broscannabis.com/"
"AMS1195","Store","Store","COASTAL DREAMS, LLC","BROTHERS CANNABIS BATH","Active","16-AUG-26","15-AUG-27","115 Leeman Hwy ","Sagadahoc","ME","Bath","https://www.broscannabis.com/"
"AMS1195","Store","Store","COASTAL DREAMS, LLC","BROTHERS CANNABIS BATH","Active","16-AUG-26","15-AUG-27","115 Leeman Hwy ","Sagadahoc","ME","Bath","https://www.broscannabis.com/"
"AMS1195","Store","Store","COASTAL DREAMS, LLC","BROTHERS CANNABIS BATH","Active","16-AUG-26","15-AUG-27","115 Leeman Hwy ","Sagadahoc","ME","Bath","https://www.broscannabis.com/"
"AMS1229","Store","Store","PAUL'S BOUTIQUE NURSERY LLC","""","Active","13-JUL-26","12-JUL-27","8 Crimson Dr Unit 3 ","Cumberland","ME","Windham","https://paulsboutiquenursery.com/home"
"AMS1229","Store","Store","PAUL'S BOUTIQUE NURSERY LLC","""","Active","13-JUL-26","12-JUL-27","8 Crimson Dr Unit 3 ","Cumberland","ME","Windham","https://paulsboutiquenursery.com/home"
"AMS1229","Store","Store","PAUL'S BOUTIQUE NURSERY LLC","""","Active","13-JUL-26","12-JUL-27","8 Crimson Dr Unit 3 ","Cumberland","ME","Windham","https://paulsboutiquenursery.com/home"
"AMS1229","Store","Store","PAUL'S BOUTIQUE NURSERY LLC","""","Active","13-JUL-26","12-JUL-27","8 Crimson Dr Unit 3 ","Cumberland","ME","Windham","https://paulsboutiquenursery.com/home"
"AMS1241","Store","Store","GREEN ALIEN CANNABIS COMPANY, LLC","CANNABIS CURED RETAIL","Active","31-AUG-25","30-AUG-26","228 Norridgewock Rd ","Somerset","ME","Fairfield","https://cannabiscured.com/"
"AMS1241","Store","Store","GREEN ALIEN CANNABIS COMPANY, LLC","CANNABIS CURED RETAIL","Active","31-AUG-25","30-AUG-26","228 Norridgewock Rd ","Somerset","ME","Fairfield","https://cannabiscured.com/"
"AMS1241","Store","Store","GREEN ALIEN CANNABIS COMPANY, LLC","CANNABIS CURED RETAIL","Active","31-AUG-25","30-AUG-26","228 Norridgewock Rd ","Somerset","ME","Fairfield","https://cannabiscured.com/"
"AMS1243","Store","Store","COASTAL MAINE LLC","COLUMBIA RECREATIONAL MARIJUANA","Active","19-DEC-25","18-DEC-26","265 Us-1 ","Washington","ME","Columbia",""""
"AMS1243","Store","Store","COASTAL MAINE LLC","COLUMBIA RECREATIONAL MARIJUANA","Active","19-DEC-25","18-DEC-26","265 Us-1 ","Washington","ME","Columbia",""""
"AMS1244","Store","Store","MEDGRO LLC","THE HEALING COMMUNITY MEDCO","Active","15-FEB-26","14-FEB-27","739 Main Street ","Androscoggin","ME","Lewiston","https://thcmedco.com/"
"AMS1244","Store","Store","MEDGRO LLC","THE HEALING COMMUNITY MEDCO","Active","15-FEB-26","14-FEB-27","739 Main Street ","Androscoggin","ME","Lewiston","https://thcmedco.com/"
"AMS1244","Store","Store","MEDGRO LLC","THE HEALING COMMUNITY MEDCO","Active","15-FEB-26","14-FEB-27","739 Main Street ","Androscoggin","ME","Lewiston","https://thcmedco.com/"
"AMS1244","Store","Store","MEDGRO LLC","THE HEALING COMMUNITY MEDCO","Active","15-FEB-26","14-FEB-27","739 Main Street ","Androscoggin","ME","Lewiston","https://thcmedco.com/"
"AMS1244","Store","Store","MEDGRO LLC","THE HEALING COMMUNITY MEDCO","Active","15-FEB-26","14-FEB-27","739 Main Street ","Androscoggin","ME","Lewiston","https://thcmedco.com/"
"AMS1244","Store","Store","MEDGRO LLC","THE HEALING COMMUNITY MEDCO","Active","15-FEB-26","14-FEB-27","739 Main Street ","Androscoggin","ME","Lewiston","https://thcmedco.com/"
"AMS1244","Store","Store","MEDGRO LLC","THE HEALING COMMUNITY MEDCO","Active","15-FEB-26","14-FEB-27","739 Main Street ","Androscoggin","ME","Lewiston","https://thcmedco.com/"
"AMS1244","Store","Store","MEDGRO LLC","THE HEALING COMMUNITY MEDCO","Active","15-FEB-26","14-FEB-27","739 Main Street ","Androscoggin","ME","Lewiston","https://thcmedco.com/"
"AMS1244","Store","Store","MEDGRO LLC","THE HEALING COMMUNITY MEDCO","Active","15-FEB-26","14-FEB-27","739 Main Street ","Androscoggin","ME","Lewiston","https://thcmedco.com/"
"AMS1244","Store","Store","MEDGRO LLC","THE HEALING COMMUNITY MEDCO","Active","15-FEB-26","14-FEB-27","739 Main Street ","Androscoggin","ME","Lewiston","https://thcmedco.com/"
"AMS1246","Store","Store","SINSEMILLA SOUTH, LLC","""","Active","30-JUN-26","29-JUN-27","35 Bridge St ","Kennebec","ME","Gardiner",""""
"AMS1246","Store","Store","SINSEMILLA SOUTH, LLC","""","Active","30-JUN-26","29-JUN-27","35 Bridge St ","Kennebec","ME","Gardiner",""""
"AMS1246","Store","Store","SINSEMILLA SOUTH, LLC","""","Active","30-JUN-26","29-JUN-27","35 Bridge St ","Kennebec","ME","Gardiner",""""
"AMS1246","Store","Store","SINSEMILLA SOUTH, LLC","""","Active","30-JUN-26","29-JUN-27","35 Bridge St ","Kennebec","ME","Gardiner",""""
"AMS1253","Store","Store","GREAT FALLS GREENERY, LLC","HIGH ROLLERS LLC","Active","17-MAY-26","16-MAY-27","532 Pigeon Hill Rd Bldg 2 ","Androscoggin","ME","Mechanic Falls",""""
"AMS1253","Store","Store","GREAT FALLS GREENERY, LLC","HIGH ROLLERS LLC","Active","17-MAY-26","16-MAY-27","532 Pigeon Hill Rd Bldg 2 ","Androscoggin","ME","Mechanic Falls",""""
"AMS1264","Store","Store","STONED LEPRECHAUN, LLC","""","Active","13-DEC-25","12-DEC-26","188 Unit 2 , Us 1 ","Washington","ME","Columbia",""""
"AMS1264","Store","Store","STONED LEPRECHAUN, LLC","""","Active","13-DEC-25","12-DEC-26","188 Unit 2 , Us 1 ","Washington","ME","Columbia",""""
"AMS1266","Store","Store","ROOM 5 LLC","CLOUDS OF CANNABIS","Active","21-OCT-25","20-OCT-26","35 North Rd ","Somerset","ME","Detroit","https://www.cloudsofcannabis.com/"
"AMS1266","Store","Store","ROOM 5 LLC","CLOUDS OF CANNABIS","Active","21-OCT-25","20-OCT-26","35 North Rd ","Somerset","ME","Detroit","https://www.cloudsofcannabis.com/"
"AMS1266","Store","Store","ROOM 5 LLC","CLOUDS OF CANNABIS","Active","21-OCT-25","20-OCT-26","35 North Rd ","Somerset","ME","Detroit","https://www.cloudsofcannabis.com/"
"AMS1302","Store","Store","20 UNION ST AUBURN MAINE CH AU LLC","CANNABIS HAVEN AUBURN 20 UNION ST AU","Active","12-JAN-26","11-JAN-27","20 Union St Unit C ","Androscoggin","ME","Auburn","cannabishaven.com"
"AMS1302","Store","Store","20 UNION ST AUBURN MAINE CH AU LLC","CANNABIS HAVEN AUBURN 20 UNION ST AU","Active","12-JAN-26","11-JAN-27","20 Union St Unit C ","Androscoggin","ME","Auburn","cannabishaven.com"
"AMS1303","Store","Store","JJP CONSULTING, INC.","45 NORTH CANNABIS COMPANY","Active","23-SEP-25","22-SEP-26","2742 Auburn Rd ","Androscoggin","ME","Turner",""""
"AMS1303","Store","Store","JJP CONSULTING, INC.","45 NORTH CANNABIS COMPANY","Active","23-SEP-25","22-SEP-26","2742 Auburn Rd ","Androscoggin","ME","Turner",""""
"AMS1303","Store","Store","JJP CONSULTING, INC.","45 NORTH CANNABIS COMPANY","Active","23-SEP-25","22-SEP-26","2742 Auburn Rd ","Androscoggin","ME","Turner",""""
"AMS1303","Store","Store","JJP CONSULTING, INC.","45 NORTH CANNABIS COMPANY","Active","23-SEP-25","22-SEP-26","2742 Auburn Rd ","Androscoggin","ME","Turner",""""
"AMS1303","Store","Store","JJP CONSULTING, INC.","45 NORTH CANNABIS COMPANY","Active","23-SEP-25","22-SEP-26","2742 Auburn Rd ","Androscoggin","ME","Turner",""""
"AMS1303","Store","Store","JJP CONSULTING, INC.","45 NORTH CANNABIS COMPANY","Active","23-SEP-25","22-SEP-26","2742 Auburn Rd ","Androscoggin","ME","Turner",""""
"AMS1307","Store","Store","WATERVILLE ECC, LLC","""","Active","08-SEP-25","07-SEP-26","465 Kennedy Memorial Dr ","Kennebec","ME","Waterville",""""
"AMS1307","Store","Store","WATERVILLE ECC, LLC","""","Active","08-SEP-25","07-SEP-26","465 Kennedy Memorial Dr ","Kennebec","ME","Waterville",""""
"AMS1307","Store","Store","WATERVILLE ECC, LLC","""","Active","08-SEP-25","07-SEP-26","465 Kennedy Memorial Dr ","Kennebec","ME","Waterville",""""
"AMS1307","Store","Store","WATERVILLE ECC, LLC","""","Active","08-SEP-25","07-SEP-26","465 Kennedy Memorial Dr ","Kennebec","ME","Waterville",""""
"AMS1315","Store","Store","GRAM'S PLACE LLC","GRAM'S FIVE AND DIME CANNABIS CO","Active","24-MAR-26","23-MAR-27","36 Moosehead Trl Ste 1 ","Penobscot","ME","Newport","https://grams5.com/"
"AMS1315","Store","Store","GRAM'S PLACE LLC","GRAM'S FIVE AND DIME CANNABIS CO","Active","24-MAR-26","23-MAR-27","36 Moosehead Trl Ste 1 ","Penobscot","ME","Newport","https://grams5.com/"
"AMS1317","Store","Store","POT OF GOLD LLC","POT OF GOLD","Active","16-NOV-25","15-NOV-26","1104 Carl Broggi Hwy Unit A ","York","ME","Lebanon","N/A"
"AMS1317","Store","Store","POT OF GOLD LLC","POT OF GOLD","Active","16-NOV-25","15-NOV-26","1104 Carl Broggi Hwy Unit A ","York","ME","Lebanon","N/A"
"AMS1317","Store","Store","POT OF GOLD LLC","POT OF GOLD","Active","16-NOV-25","15-NOV-26","1104 Carl Broggi Hwy Unit A ","York","ME","Lebanon","N/A"
"AMS1317","Store","Store","POT OF GOLD LLC","POT OF GOLD","Active","16-NOV-25","15-NOV-26","1104 Carl Broggi Hwy Unit A ","York","ME","Lebanon","N/A"
"AMS1317","Store","Store","POT OF GOLD LLC","POT OF GOLD","Active","16-NOV-25","15-NOV-26","1104 Carl Broggi Hwy Unit A ","York","ME","Lebanon","N/A"
"AMS1317","Store","Store","POT OF GOLD LLC","POT OF GOLD","Active","16-NOV-25","15-NOV-26","1104 Carl Broggi Hwy Unit A ","York","ME","Lebanon","N/A"
"AMS1328","Store","Store","GTC, LLC","CAMP CANNABIS","Active","22-JUN-26","21-JUN-27","470 Auburn Rd ","Androscoggin","ME","Turner","https://campcannabis.me/"
"AMS1328","Store","Store","GTC, LLC","CAMP CANNABIS","Active","22-JUN-26","21-JUN-27","470 Auburn Rd ","Androscoggin","ME","Turner","https://campcannabis.me/"
"AMS1329","Store","Store","1150 CENTER ST AUBURN MAINE CH AU LLC","CANNABIS HAVEN AUBURN 1150 CENTER ST AU","Active","07-NOV-25","06-NOV-26","1150 Center St Bldg 1 Unit B ","Androscoggin","ME","Auburn","cannabishaven.com"
"AMS1329","Store","Store","1150 CENTER ST AUBURN MAINE CH AU LLC","CANNABIS HAVEN AUBURN 1150 CENTER ST AU","Active","07-NOV-25","06-NOV-26","1150 Center St Bldg 1 Unit B ","Androscoggin","ME","Auburn","cannabishaven.com"
"AMS1356","Store","Store","BROTHERS NEWPORT, LLC","""","Active","17-FEB-26","16-FEB-27","19 Moosehead Trl Ste 2b ","Penobscot","ME","Newport","https://www.broscannabis.com/"
"AMS1356","Store","Store","BROTHERS NEWPORT, LLC","""","Active","17-FEB-26","16-FEB-27","19 Moosehead Trl Ste 2b ","Penobscot","ME","Newport","https://www.broscannabis.com/"
"AMS1356","Store","Store","BROTHERS NEWPORT, LLC","""","Active","17-FEB-26","16-FEB-27","19 Moosehead Trl Ste 2b ","Penobscot","ME","Newport","https://www.broscannabis.com/"
"AMS1356","Store","Store","BROTHERS NEWPORT, LLC","""","Active","17-FEB-26","16-FEB-27","19 Moosehead Trl Ste 2b ","Penobscot","ME","Newport","https://www.broscannabis.com/"
"AMS1356","Store","Store","BROTHERS NEWPORT, LLC","""","Active","17-FEB-26","16-FEB-27","19 Moosehead Trl Ste 2b ","Penobscot","ME","Newport","https://www.broscannabis.com/"
"AMS1363","Store","Store","HEATHWOOD COMPANY, LLC","KIND & CO","Active","09-FEB-26","08-FEB-27","684 Forest Ave ","Cumberland","ME","Portland","www.kindand.co"
"AMS1363","Store","Store","HEATHWOOD COMPANY, LLC","KIND & CO","Active","09-FEB-26","08-FEB-27","684 Forest Ave ","Cumberland","ME","Portland","www.kindand.co"
"AMS1363","Store","Store","HEATHWOOD COMPANY, LLC","KIND & CO","Active","09-FEB-26","08-FEB-27","684 Forest Ave ","Cumberland","ME","Portland","www.kindand.co"
"AMS1363","Store","Store","HEATHWOOD COMPANY, LLC","KIND & CO","Active","09-FEB-26","08-FEB-27","684 Forest Ave ","Cumberland","ME","Portland","www.kindand.co"
"AMS1363","Store","Store","HEATHWOOD COMPANY, LLC","KIND & CO","Active","09-FEB-26","08-FEB-27","684 Forest Ave ","Cumberland","ME","Portland","www.kindand.co"
"AMS1363","Store","Store","HEATHWOOD COMPANY, LLC","KIND & CO","Active","09-FEB-26","08-FEB-27","684 Forest Ave ","Cumberland","ME","Portland","www.kindand.co"
"AMS1370","Store","Store","EAST COAST GOLD INC.","CHEECH & CHONG","Active","12-AUG-25","11-AUG-26","268 Hammond St ","Penobscot","ME","Bangor","www.ecgextracts.com"
"AMS1370","Store","Store","EAST COAST GOLD INC.","CHEECH & CHONG","Active","12-AUG-25","11-AUG-26","268 Hammond St ","Penobscot","ME","Bangor","www.ecgextracts.com"
"AMS1376","Store","Store","WARREN AVE AF LLC","ATLANTIC FARMS","Active","01-MAY-26","30-APR-27","210 New County Rd ","Knox","ME","Thomaston","www.theatlanticfarms.com"
"AMS1376","Store","Store","WARREN AVE AF LLC","ATLANTIC FARMS","Active","01-MAY-26","30-APR-27","210 New County Rd ","Knox","ME","Thomaston","www.theatlanticfarms.com"
"AMS1376","Store","Store","WARREN AVE AF LLC","ATLANTIC FARMS","Active","01-MAY-26","30-APR-27","210 New County Rd ","Knox","ME","Thomaston","www.theatlanticfarms.com"
"AMS1382","Store","Store","KTK NOYES, LLC","GRASS MONKEY","Active","10-JUL-26","09-JUL-27","85 Western Ave ","Cumberland","ME","South Portland","https://www.grassmonkeycc.com/"
"AMS1382","Store","Store","KTK NOYES, LLC","GRASS MONKEY","Active","10-JUL-26","09-JUL-27","85 Western Ave ","Cumberland","ME","South Portland","https://www.grassmonkeycc.com/"
"AMS1382","Store","Store","KTK NOYES, LLC","GRASS MONKEY","Active","10-JUL-26","09-JUL-27","85 Western Ave ","Cumberland","ME","South Portland","https://www.grassmonkeycc.com/"
"AMS1387","Store","Store","JAR CO. CV LLC","JAR CANNABIS CO.","Active","26-DEC-25","25-DEC-26","1221 Carrabassett Dr Unit B ","Franklin","ME","Carrabassett Valley","www.jarcannabis.com"
"AMS1387","Store","Store","JAR CO. CV LLC","JAR CANNABIS CO.","Active","26-DEC-25","25-DEC-26","1221 Carrabassett Dr Unit B ","Franklin","ME","Carrabassett Valley","www.jarcannabis.com"
"AMS1387","Store","Store","JAR CO. CV LLC","JAR CANNABIS CO.","Active","26-DEC-25","25-DEC-26","1221 Carrabassett Dr Unit B ","Franklin","ME","Carrabassett Valley","www.jarcannabis.com"
"AMS1387","Store","Store","JAR CO. CV LLC","JAR CANNABIS CO.","Active","26-DEC-25","25-DEC-26","1221 Carrabassett Dr Unit B ","Franklin","ME","Carrabassett Valley","www.jarcannabis.com"
"AMS1399","Store","Store","GREEN ALIEN CANNABIS COMPANY, LLC","GADA CANNABIC CURED RETAIL","Active","30-AUG-25","29-AUG-26","53a Chapman St ","Lincoln","ME","Damariscotta","https://cannabiscured.com/dispensaries/damariscotta/"
"AMS1399","Store","Store","GREEN ALIEN CANNABIS COMPANY, LLC","GADA CANNABIC CURED RETAIL","Active","30-AUG-25","29-AUG-26","53a Chapman St ","Lincoln","ME","Damariscotta","https://cannabiscured.com/dispensaries/damariscotta/"
"AMS1399","Store","Store","GREEN ALIEN CANNABIS COMPANY, LLC","GADA CANNABIC CURED RETAIL","Active","30-AUG-25","29-AUG-26","53a Chapman St ","Lincoln","ME","Damariscotta","https://cannabiscured.com/dispensaries/damariscotta/"
"AMS1430","Store","Store","SINSEMILLA SOUTH, LLC","""","Active","20-JUN-26","19-JUN-27","64 Washington Ave ","Cumberland","ME","Portland",""""
"AMS1430","Store","Store","SINSEMILLA SOUTH, LLC","""","Active","20-JUN-26","19-JUN-27","64 Washington Ave ","Cumberland","ME","Portland",""""
"AMS1430","Store","Store","SINSEMILLA SOUTH, LLC","""","Active","20-JUN-26","19-JUN-27","64 Washington Ave ","Cumberland","ME","Portland",""""
"AMS1430","Store","Store","SINSEMILLA SOUTH, LLC","""","Active","20-JUN-26","19-JUN-27","64 Washington Ave ","Cumberland","ME","Portland",""""
"AMS1439","Store","Store","OG RETAIL LLC","OG CANNABIS","Active","14-MAR-26","13-MAR-27","18 American Way ","York","ME","Eliot","https://og207.com/"
"AMS1439","Store","Store","OG RETAIL LLC","OG CANNABIS","Active","14-MAR-26","13-MAR-27","18 American Way ","York","ME","Eliot","https://og207.com/"
"AMS1439","Store","Store","OG RETAIL LLC","OG CANNABIS","Active","14-MAR-26","13-MAR-27","18 American Way ","York","ME","Eliot","https://og207.com/"
"AMS1439","Store","Store","OG RETAIL LLC","OG CANNABIS","Active","14-MAR-26","13-MAR-27","18 American Way ","York","ME","Eliot","https://og207.com/"
"AMS1439","Store","Store","OG RETAIL LLC","OG CANNABIS","Active","14-MAR-26","13-MAR-27","18 American Way ","York","ME","Eliot","https://og207.com/"
"AMS1439","Store","Store","OG RETAIL LLC","OG CANNABIS","Active","14-MAR-26","13-MAR-27","18 American Way ","York","ME","Eliot","https://og207.com/"
"AMS1439","Store","Store","OG RETAIL LLC","OG CANNABIS","Active","14-MAR-26","13-MAR-27","18 American Way ","York","ME","Eliot","https://og207.com/"
"AMS1444","Store","Store","HIGHLY CANNACO RETAIL #4, LLC","""","Active","13-DEC-25","12-DEC-26","325 Bath Rd ","Cumberland","ME","Brunswick","https://gethighly.com/"
"AMS1444","Store","Store","HIGHLY CANNACO RETAIL #4, LLC","""","Active","13-DEC-25","12-DEC-26","325 Bath Rd ","Cumberland","ME","Brunswick","https://gethighly.com/"
"AMS1445","Store","Store","HIGHLY CANNACO RETAIL #5, LLC","""","Active","12-APR-26","11-APR-27","73 Main St ","Sagadahoc","ME","Woolwich",""""
"AMS1445","Store","Store","HIGHLY CANNACO RETAIL #5, LLC","""","Active","12-APR-26","11-APR-27","73 Main St ","Sagadahoc","ME","Woolwich",""""
"AMS1456","Store","Store","RL2 LLC","FRIENDLY FIRE","Active","12-SEP-25","11-SEP-26","72 Emery St Unit 105 ","York","ME","Sanford","https://captains-cannabis.com/"
"AMS1456","Store","Store","RL2 LLC","FRIENDLY FIRE","Active","12-SEP-25","11-SEP-26","72 Emery St Unit 105 ","York","ME","Sanford","https://captains-cannabis.com/"
"AMS1456","Store","Store","RL2 LLC","FRIENDLY FIRE","Active","12-SEP-25","11-SEP-26","72 Emery St Unit 105 ","York","ME","Sanford","https://captains-cannabis.com/"
"AMS1456","Store","Store","RL2 LLC","FRIENDLY FIRE","Active","12-SEP-25","11-SEP-26","72 Emery St Unit 105 ","York","ME","Sanford","https://captains-cannabis.com/"
"AMS1459","Store","Store","CWORX & CO., LLC","CWORX & CO.","Active","13-OCT-25","12-OCT-26","964 Auburn Rd ","Androscoggin","ME","Turner","cworx.co"
"AMS1459","Store","Store","CWORX & CO., LLC","CWORX & CO.","Active","13-OCT-25","12-OCT-26","964 Auburn Rd ","Androscoggin","ME","Turner","cworx.co"
"AMS1469","Store","Store","RUGGED ROOTS, LLC","RUGGED ROOTS TRADING POST","Active","17-JUL-26","16-JUL-27","225 First Flight Dr ","Androscoggin","ME","Auburn","https://ruggedrootstradingpost.com/"
"AMS1469","Store","Store","RUGGED ROOTS, LLC","RUGGED ROOTS TRADING POST","Active","17-JUL-26","16-JUL-27","225 First Flight Dr ","Androscoggin","ME","Auburn","https://ruggedrootstradingpost.com/"
"AMS1469","Store","Store","RUGGED ROOTS, LLC","RUGGED ROOTS TRADING POST","Active","17-JUL-26","16-JUL-27","225 First Flight Dr ","Androscoggin","ME","Auburn","https://ruggedrootstradingpost.com/"
"AMS1469","Store","Store","RUGGED ROOTS, LLC","RUGGED ROOTS TRADING POST","Active","17-JUL-26","16-JUL-27","225 First Flight Dr ","Androscoggin","ME","Auburn","https://ruggedrootstradingpost.com/"
"AMS1484","Store","Store","BLUE LOBSTER FARMS LLC","BLUE LOBSTER CANNABIS","Active","20-NOV-25","19-NOV-26","200 Roosevelt Trl ","Cumberland","ME","Casco","bluelobstercannabis.com"
"AMS1484","Store","Store","BLUE LOBSTER FARMS LLC","BLUE LOBSTER CANNABIS","Active","20-NOV-25","19-NOV-26","200 Roosevelt Trl ","Cumberland","ME","Casco","bluelobstercannabis.com"
"AMS1484","Store","Store","BLUE LOBSTER FARMS LLC","BLUE LOBSTER CANNABIS","Active","20-NOV-25","19-NOV-26","200 Roosevelt Trl ","Cumberland","ME","Casco","bluelobstercannabis.com"
"AMS1484","Store","Store","BLUE LOBSTER FARMS LLC","BLUE LOBSTER CANNABIS","Active","20-NOV-25","19-NOV-26","200 Roosevelt Trl ","Cumberland","ME","Casco","bluelobstercannabis.com"
"AMS1486","Store","Store","HARBOR HARVEST LLC","""","Active","31-JAN-26","30-JAN-27","1048 Atlantic Hwy ","Knox","ME","Warren","Harborharvestcc.com"
"AMS1486","Store","Store","HARBOR HARVEST LLC","""","Active","31-JAN-26","30-JAN-27","1048 Atlantic Hwy ","Knox","ME","Warren","Harborharvestcc.com"
"AMS1486","Store","Store","HARBOR HARVEST LLC","""","Active","31-JAN-26","30-JAN-27","1048 Atlantic Hwy ","Knox","ME","Warren","Harborharvestcc.com"
"AMS1486","Store","Store","HARBOR HARVEST LLC","""","Active","31-JAN-26","30-JAN-27","1048 Atlantic Hwy ","Knox","ME","Warren","Harborharvestcc.com"
"AMS1486","Store","Store","HARBOR HARVEST LLC","""","Active","31-JAN-26","30-JAN-27","1048 Atlantic Hwy ","Knox","ME","Warren","Harborharvestcc.com"
"AMS1486","Store","Store","HARBOR HARVEST LLC","""","Active","31-JAN-26","30-JAN-27","1048 Atlantic Hwy ","Knox","ME","Warren","Harborharvestcc.com"
"AMS1486","Store","Store","HARBOR HARVEST LLC","""","Active","31-JAN-26","30-JAN-27","1048 Atlantic Hwy ","Knox","ME","Warren","Harborharvestcc.com"
"AMS1486","Store","Store","HARBOR HARVEST LLC","""","Active","31-JAN-26","30-JAN-27","1048 Atlantic Hwy ","Knox","ME","Warren","Harborharvestcc.com"
"AMS1489","Store","Store","PINE TREE MAINE 2, LLC","LANDRACE CANNABIS CO.","Active","14-JUN-26","13-JUN-27","325 Roosevelt Trl ","Cumberland","ME","Casco","www.landracecanna.com"
"AMS1489","Store","Store","PINE TREE MAINE 2, LLC","LANDRACE CANNABIS CO.","Active","14-JUN-26","13-JUN-27","325 Roosevelt Trl ","Cumberland","ME","Casco","www.landracecanna.com"
"AMS1489","Store","Store","PINE TREE MAINE 2, LLC","LANDRACE CANNABIS CO.","Active","14-JUN-26","13-JUN-27","325 Roosevelt Trl ","Cumberland","ME","Casco","www.landracecanna.com"
"AMS1495","Store","Store","STONER & CO., LLC","""","Active","16-FEB-26","15-FEB-27","419 Hill St ","York","ME","Biddeford","https://www.stonerandco.com/"
"AMS1495","Store","Store","STONER & CO., LLC","""","Active","16-FEB-26","15-FEB-27","419 Hill St ","York","ME","Biddeford","https://www.stonerandco.com/"
"AMS1495","Store","Store","STONER & CO., LLC","""","Active","16-FEB-26","15-FEB-27","419 Hill St ","York","ME","Biddeford","https://www.stonerandco.com/"
"AMS1495","Store","Store","STONER & CO., LLC","""","Active","16-FEB-26","15-FEB-27","419 Hill St ","York","ME","Biddeford","https://www.stonerandco.com/"
"AMS1496","Store","Store","BAY CITIES LLC","WILSHIRE MADISON","Active","02-JUL-26","01-JUL-27","8 Business Pkwy ","Cumberland","ME","Brunswick","https://wilshire-madison.com/"
"AMS1496","Store","Store","BAY CITIES LLC","WILSHIRE MADISON","Active","02-JUL-26","01-JUL-27","8 Business Pkwy ","Cumberland","ME","Brunswick","https://wilshire-madison.com/"
"AMS1502","Store","Store","FIRE ON THE MOUNTAIN, LLC","RECREATIONLAND","Active","22-DEC-25","21-DEC-26","154 Mount Auburn Ave ","Androscoggin","ME","Auburn","www.recreationland.com"
"AMS1502","Store","Store","FIRE ON THE MOUNTAIN, LLC","RECREATIONLAND","Active","22-DEC-25","21-DEC-26","154 Mount Auburn Ave ","Androscoggin","ME","Auburn","www.recreationland.com"
"AMS1502","Store","Store","FIRE ON THE MOUNTAIN, LLC","RECREATIONLAND","Active","22-DEC-25","21-DEC-26","154 Mount Auburn Ave ","Androscoggin","ME","Auburn","www.recreationland.com"
"AMS1502","Store","Store","FIRE ON THE MOUNTAIN, LLC","RECREATIONLAND","Active","22-DEC-25","21-DEC-26","154 Mount Auburn Ave ","Androscoggin","ME","Auburn","www.recreationland.com"
"AMS1502","Store","Store","FIRE ON THE MOUNTAIN, LLC","RECREATIONLAND","Active","22-DEC-25","21-DEC-26","154 Mount Auburn Ave ","Androscoggin","ME","Auburn","www.recreationland.com"
"AMS1502","Store","Store","FIRE ON THE MOUNTAIN, LLC","RECREATIONLAND","Active","22-DEC-25","21-DEC-26","154 Mount Auburn Ave ","Androscoggin","ME","Auburn","www.recreationland.com"
"AMS1507","Store","Store","MELO'S LLC","""","Active","03-DEC-25","02-DEC-26","1384 Carl Broggi Hwy Bldg B ","York","ME","Lebanon","https://www.drmelos.com/"
"AMS1507","Store","Store","MELO'S LLC","""","Active","03-DEC-25","02-DEC-26","1384 Carl Broggi Hwy Bldg B ","York","ME","Lebanon","https://www.drmelos.com/"
"AMS1507","Store","Store","MELO'S LLC","""","Active","03-DEC-25","02-DEC-26","1384 Carl Broggi Hwy Bldg B ","York","ME","Lebanon","https://www.drmelos.com/"
"AMS1507","Store","Store","MELO'S LLC","""","Active","03-DEC-25","02-DEC-26","1384 Carl Broggi Hwy Bldg B ","York","ME","Lebanon","https://www.drmelos.com/"
"AMS1508","Store","Store","341 MAIN ST WATERVILLE MAINE CH LLC","CANNABIS HAVEN WATERVILLE 341 MAIN ST","Active","28-MAY-26","27-MAY-27","341 Main St ","Kennebec","ME","Waterville","CANNABISHAVEN.COM"
"AMS1508","Store","Store","341 MAIN ST WATERVILLE MAINE CH LLC","CANNABIS HAVEN WATERVILLE 341 MAIN ST","Active","28-MAY-26","27-MAY-27","341 Main St ","Kennebec","ME","Waterville","CANNABISHAVEN.COM"
"AMS1510","Store","Store","GRM SHOP SOPO LLC","""","Active","01-NOV-25","31-OCT-26","155 Maine Mall Rd ","Cumberland","ME","South Portland","https://www.grm207.com/"
"AMS1510","Store","Store","GRM SHOP SOPO LLC","""","Active","01-NOV-25","31-OCT-26","155 Maine Mall Rd ","Cumberland","ME","South Portland","https://www.grm207.com/"
"AMS1510","Store","Store","GRM SHOP SOPO LLC","""","Active","01-NOV-25","31-OCT-26","155 Maine Mall Rd ","Cumberland","ME","South Portland","https://www.grm207.com/"
"AMS1510","Store","Store","GRM SHOP SOPO LLC","""","Active","01-NOV-25","31-OCT-26","155 Maine Mall Rd ","Cumberland","ME","South Portland","https://www.grm207.com/"
"AMS1510","Store","Store","GRM SHOP SOPO LLC","""","Active","01-NOV-25","31-OCT-26","155 Maine Mall Rd ","Cumberland","ME","South Portland","https://www.grm207.com/"
"AMS1510","Store","Store","GRM SHOP SOPO LLC","""","Active","01-NOV-25","31-OCT-26","155 Maine Mall Rd ","Cumberland","ME","South Portland","https://www.grm207.com/"
"AMS1516","Store","Store","DIRIGO NATURALS, LLC","FOLIAGE ME","Active","28-JUN-26","27-JUN-27","343 Gorham Rd ","Cumberland","ME","South Portland",""""
"AMS1516","Store","Store","DIRIGO NATURALS, LLC","FOLIAGE ME","Active","28-JUN-26","27-JUN-27","343 Gorham Rd ","Cumberland","ME","South Portland",""""
"AMS1516","Store","Store","DIRIGO NATURALS, LLC","FOLIAGE ME","Active","28-JUN-26","27-JUN-27","343 Gorham Rd ","Cumberland","ME","South Portland",""""
"AMS1526","Store","Store","HARVEST CC, LLC","HARVEST CANNABIS COMPANY","Active","18-SEP-25","17-SEP-26","911 Lisbon St ","Androscoggin","ME","Lewiston",""""
"AMS1526","Store","Store","HARVEST CC, LLC","HARVEST CANNABIS COMPANY","Active","18-SEP-25","17-SEP-26","911 Lisbon St ","Androscoggin","ME","Lewiston",""""
"AMS1530","Store","Store","FROSTED FIRE AU LLC","""","Active","30-MAY-26","29-MAY-27","230 Warren Ave ","Cumberland","ME","Portland",""""
"AMS1530","Store","Store","FROSTED FIRE AU LLC","""","Active","30-MAY-26","29-MAY-27","230 Warren Ave ","Cumberland","ME","Portland",""""
"AMS1538","Store","Store","LEBANON HOLDINGS COMPANY LLC","RUGGED ROOTS","Active","03-APR-26","02-APR-27","1674 Carl Broggi Hwy ","York","ME","Lebanon","1stedition.com"
"AMS1538","Store","Store","LEBANON HOLDINGS COMPANY LLC","RUGGED ROOTS","Active","03-APR-26","02-APR-27","1674 Carl Broggi Hwy ","York","ME","Lebanon","1stedition.com"
"AMS1538","Store","Store","LEBANON HOLDINGS COMPANY LLC","RUGGED ROOTS","Active","03-APR-26","02-APR-27","1674 Carl Broggi Hwy ","York","ME","Lebanon","1stedition.com"
"AMS1542","Store","Store","ASTRO TERF LLC","""","Active","22-APR-26","21-APR-27","84 College Ave Unit 2 ","Kennebec","ME","Waterville","ASTROTERFCANNABIS.COM"
"AMS1542","Store","Store","ASTRO TERF LLC","""","Active","22-APR-26","21-APR-27","84 College Ave Unit 2 ","Kennebec","ME","Waterville","ASTROTERFCANNABIS.COM"
"AMS1546","Store","Store","PINE TREE MAINE LLC","LANDRACE CANNABIS CO.","Active","19-MAR-26","18-MAR-27","22 Smada Dr ","York","ME","Sanford","www.landracecanna.com"
"AMS1546","Store","Store","PINE TREE MAINE LLC","LANDRACE CANNABIS CO.","Active","19-MAR-26","18-MAR-27","22 Smada Dr ","York","ME","Sanford","www.landracecanna.com"
"AMS1546","Store","Store","PINE TREE MAINE LLC","LANDRACE CANNABIS CO.","Active","19-MAR-26","18-MAR-27","22 Smada Dr ","York","ME","Sanford","www.landracecanna.com"
"AMS1546","Store","Store","PINE TREE MAINE LLC","LANDRACE CANNABIS CO.","Active","19-MAR-26","18-MAR-27","22 Smada Dr ","York","ME","Sanford","www.landracecanna.com"
"AMS1546","Store","Store","PINE TREE MAINE LLC","LANDRACE CANNABIS CO.","Active","19-MAR-26","18-MAR-27","22 Smada Dr ","York","ME","Sanford","www.landracecanna.com"
"AMS1546","Store","Store","PINE TREE MAINE LLC","LANDRACE CANNABIS CO.","Active","19-MAR-26","18-MAR-27","22 Smada Dr ","York","ME","Sanford","www.landracecanna.com"
"AMS1546","Store","Store","PINE TREE MAINE LLC","LANDRACE CANNABIS CO.","Active","19-MAR-26","18-MAR-27","22 Smada Dr ","York","ME","Sanford","www.landracecanna.com"
"AMS1546","Store","Store","PINE TREE MAINE LLC","LANDRACE CANNABIS CO.","Active","19-MAR-26","18-MAR-27","22 Smada Dr ","York","ME","Sanford","www.landracecanna.com"
"AMS1546","Store","Store","PINE TREE MAINE LLC","LANDRACE CANNABIS CO.","Active","19-MAR-26","18-MAR-27","22 Smada Dr ","York","ME","Sanford","www.landracecanna.com"
"AMS1553","Store","Store","DAILY BUDS DISPENSARY LLC","""","Active","26-APR-26","25-APR-27","10 China Rd Unit 2 ","Kennebec","ME","Winslow","https://www.dailybudsmaine.com/"
"AMS1553","Store","Store","DAILY BUDS DISPENSARY LLC","""","Active","26-APR-26","25-APR-27","10 China Rd Unit 2 ","Kennebec","ME","Winslow","https://www.dailybudsmaine.com/"
"AMS1558","Store","Store","VRRIC INVESTMENTS, L.L.C.","GREENLIFE GUILFORD","Active","03-JUL-26","02-JUL-27","6 Hudson Ave ","Piscataquis","ME","Guilford",""""
"AMS1558","Store","Store","VRRIC INVESTMENTS, L.L.C.","GREENLIFE GUILFORD","Active","03-JUL-26","02-JUL-27","6 Hudson Ave ","Piscataquis","ME","Guilford",""""
"AMS1558","Store","Store","VRRIC INVESTMENTS, L.L.C.","GREENLIFE GUILFORD","Active","03-JUL-26","02-JUL-27","6 Hudson Ave ","Piscataquis","ME","Guilford",""""
"AMS1558","Store","Store","VRRIC INVESTMENTS, L.L.C.","GREENLIFE GUILFORD","Active","03-JUL-26","02-JUL-27","6 Hudson Ave ","Piscataquis","ME","Guilford",""""
"AMS1559","Store","Store","SANDYS SEAGLASS PHARM, LLC","FLOWERS REFINED","Active","29-OCT-25","28-OCT-26","7 Dana St ","Cumberland","ME","Portland","unknown"
"AMS1559","Store","Store","SANDYS SEAGLASS PHARM, LLC","FLOWERS REFINED","Active","29-OCT-25","28-OCT-26","7 Dana St ","Cumberland","ME","Portland","unknown"
"AMS1562","Store","Store","GREEN TRUCK FARMS 6, LLC","""","Active","01-MAR-26","28-FEB-27","27 Hancock Ln Bldg 1 ","York","ME","Sanford",""""
"AMS1562","Store","Store","GREEN TRUCK FARMS 6, LLC","""","Active","01-MAR-26","28-FEB-27","27 Hancock Ln Bldg 1 ","York","ME","Sanford",""""
"AMS1562","Store","Store","GREEN TRUCK FARMS 6, LLC","""","Active","01-MAR-26","28-FEB-27","27 Hancock Ln Bldg 1 ","York","ME","Sanford",""""
"AMS1562","Store","Store","GREEN TRUCK FARMS 6, LLC","""","Active","01-MAR-26","28-FEB-27","27 Hancock Ln Bldg 1 ","York","ME","Sanford",""""
"AMS1585","Store","Store","GTF KITTERY 8, LLC","""","Active","15-NOV-25","14-NOV-26","89 Route 236 ","York","ME","Kittery","greentruckfarm.com"
"AMS1585","Store","Store","GTF KITTERY 8, LLC","""","Active","15-NOV-25","14-NOV-26","89 Route 236 ","York","ME","Kittery","greentruckfarm.com"
"AMS1585","Store","Store","GTF KITTERY 8, LLC","""","Active","15-NOV-25","14-NOV-26","89 Route 236 ","York","ME","Kittery","greentruckfarm.com"
"AMS1585","Store","Store","GTF KITTERY 8, LLC","""","Active","15-NOV-25","14-NOV-26","89 Route 236 ","York","ME","Kittery","greentruckfarm.com"
"AMS1587","Store","Store","RUGGED ROOTS, LLC","""","Active","22-JAN-26","21-JAN-27","1 Beaver Creek Farm Rd ","Cumberland","ME","Bridgton","www.ruggedrootsinc.com"
"AMS1587","Store","Store","RUGGED ROOTS, LLC","""","Active","22-JAN-26","21-JAN-27","1 Beaver Creek Farm Rd ","Cumberland","ME","Bridgton","www.ruggedrootsinc.com"
"AMS1587","Store","Store","RUGGED ROOTS, LLC","""","Active","22-JAN-26","21-JAN-27","1 Beaver Creek Farm Rd ","Cumberland","ME","Bridgton","www.ruggedrootsinc.com"
"AMS1587","Store","Store","RUGGED ROOTS, LLC","""","Active","22-JAN-26","21-JAN-27","1 Beaver Creek Farm Rd ","Cumberland","ME","Bridgton","www.ruggedrootsinc.com"
"AMS1588","Store","Store","RUGGED ROOTS, LLC","""","Active","06-JAN-26","05-JAN-27","791 Kittyhawk Ave Ste 6 ","Androscoggin","ME","Auburn","https://ruggedrootsinc.com"
"AMS1588","Store","Store","RUGGED ROOTS, LLC","""","Active","06-JAN-26","05-JAN-27","791 Kittyhawk Ave Ste 6 ","Androscoggin","ME","Auburn","https://ruggedrootsinc.com"
"AMS1588","Store","Store","RUGGED ROOTS, LLC","""","Active","06-JAN-26","05-JAN-27","791 Kittyhawk Ave Ste 6 ","Androscoggin","ME","Auburn","https://ruggedrootsinc.com"
"AMS1588","Store","Store","RUGGED ROOTS, LLC","""","Active","06-JAN-26","05-JAN-27","791 Kittyhawk Ave Ste 6 ","Androscoggin","ME","Auburn","https://ruggedrootsinc.com"
"AMS1592","Store","Store","WARREN AVE AF LLC","ATLANTIC FARMS","Active","26-AUG-25","25-AUG-26","640 Rockland Road ","Lincoln","ME","Somerville",""""
"AMS1592","Store","Store","WARREN AVE AF LLC","ATLANTIC FARMS","Active","26-AUG-25","25-AUG-26","640 Rockland Road ","Lincoln","ME","Somerville",""""
"AMS1592","Store","Store","WARREN AVE AF LLC","ATLANTIC FARMS","Active","26-AUG-25","25-AUG-26","640 Rockland Road ","Lincoln","ME","Somerville",""""
"AMS1596","Store","Store","PINE TREE MAINE 2, LLC","LANDRACE CANNABIS CO","Active","11-OCT-25","10-OCT-26","588 Elm St ","York","ME","Biddeford","www.landracecanna.com"
"AMS1596","Store","Store","PINE TREE MAINE 2, LLC","LANDRACE CANNABIS CO","Active","11-OCT-25","10-OCT-26","588 Elm St ","York","ME","Biddeford","www.landracecanna.com"
"AMS1596","Store","Store","PINE TREE MAINE 2, LLC","LANDRACE CANNABIS CO","Active","11-OCT-25","10-OCT-26","588 Elm St ","York","ME","Biddeford","www.landracecanna.com"
"AMS1610","Store","Store","HIGHLY CANNACO RETAIL #6, LLC","""","Active","07-OCT-25","06-OCT-26","790 Sabattus St ","Androscoggin","ME","Lewiston","https://gethighly.com"
"AMS1610","Store","Store","HIGHLY CANNACO RETAIL #6, LLC","""","Active","07-OCT-25","06-OCT-26","790 Sabattus St ","Androscoggin","ME","Lewiston","https://gethighly.com"
"AMS1621","Store","Store","JJG ENTERPRISE LLC","CHEECH & CHONG RETAIL","Active","03-APR-26","02-APR-27","31 Main St ","Piscataquis","ME","Milo","https://www.cheechandchongscannabis.com/"
"AMS1621","Store","Store","JJG ENTERPRISE LLC","CHEECH & CHONG RETAIL","Active","03-APR-26","02-APR-27","31 Main St ","Piscataquis","ME","Milo","https://www.cheechandchongscannabis.com/"
"AMS1621","Store","Store","JJG ENTERPRISE LLC","CHEECH & CHONG RETAIL","Active","03-APR-26","02-APR-27","31 Main St ","Piscataquis","ME","Milo","https://www.cheechandchongscannabis.com/"
"AMS1621","Store","Store","JJG ENTERPRISE LLC","CHEECH & CHONG RETAIL","Active","03-APR-26","02-APR-27","31 Main St ","Piscataquis","ME","Milo","https://www.cheechandchongscannabis.com/"
"AMS1626","Store","Store","GREENE STREET HOLDINGS MAINE LLC","""","Active","22-OCT-25","21-OCT-26","1364 Congress St Unit 4 ","Cumberland","ME","Portland","www.dreamgreene.com"
"AMS1626","Store","Store","GREENE STREET HOLDINGS MAINE LLC","""","Active","22-OCT-25","21-OCT-26","1364 Congress St Unit 4 ","Cumberland","ME","Portland","www.dreamgreene.com"
"AMS1626","Store","Store","GREENE STREET HOLDINGS MAINE LLC","""","Active","22-OCT-25","21-OCT-26","1364 Congress St Unit 4 ","Cumberland","ME","Portland","www.dreamgreene.com"
"AMS1626","Store","Store","GREENE STREET HOLDINGS MAINE LLC","""","Active","22-OCT-25","21-OCT-26","1364 Congress St Unit 4 ","Cumberland","ME","Portland","www.dreamgreene.com"
"AMS1630","Store","Store","JAR CO. ELIOT 2 LLC","JAR CANNABIS CO.","Active","10-SEP-25","09-SEP-26","15 Maclellen Dr ","York","ME","Eliot","www.jarcannabis.com"
"AMS1630","Store","Store","JAR CO. ELIOT 2 LLC","JAR CANNABIS CO.","Active","10-SEP-25","09-SEP-26","15 Maclellen Dr ","York","ME","Eliot","www.jarcannabis.com"
"AMS1630","Store","Store","JAR CO. ELIOT 2 LLC","JAR CANNABIS CO.","Active","10-SEP-25","09-SEP-26","15 Maclellen Dr ","York","ME","Eliot","www.jarcannabis.com"
"AMS1630","Store","Store","JAR CO. ELIOT 2 LLC","JAR CANNABIS CO.","Active","10-SEP-25","09-SEP-26","15 Maclellen Dr ","York","ME","Eliot","www.jarcannabis.com"
"AMS1631","Store","Store","140 PARK STREET LLC","FOLIAGE","Active","06-MAY-26","05-MAY-27","140 Park St ","Knox","ME","Rockland","www.jarcannabis.com"
"AMS1631","Store","Store","140 PARK STREET LLC","FOLIAGE","Active","06-MAY-26","05-MAY-27","140 Park St ","Knox","ME","Rockland","www.jarcannabis.com"
"AMS1631","Store","Store","140 PARK STREET LLC","FOLIAGE","Active","06-MAY-26","05-MAY-27","140 Park St ","Knox","ME","Rockland","www.jarcannabis.com"
"AMS1631","Store","Store","140 PARK STREET LLC","FOLIAGE","Active","06-MAY-26","05-MAY-27","140 Park St ","Knox","ME","Rockland","www.jarcannabis.com"
"AMS1631","Store","Store","140 PARK STREET LLC","FOLIAGE","Active","06-MAY-26","05-MAY-27","140 Park St ","Knox","ME","Rockland","www.jarcannabis.com"
"AMS1631","Store","Store","140 PARK STREET LLC","FOLIAGE","Active","06-MAY-26","05-MAY-27","140 Park St ","Knox","ME","Rockland","www.jarcannabis.com"
"AMS1631","Store","Store","140 PARK STREET LLC","FOLIAGE","Active","06-MAY-26","05-MAY-27","140 Park St ","Knox","ME","Rockland","www.jarcannabis.com"
"AMS1631","Store","Store","140 PARK STREET LLC","FOLIAGE","Active","06-MAY-26","05-MAY-27","140 Park St ","Knox","ME","Rockland","www.jarcannabis.com"
"AMS1641","Store","Store","RIVER RISE INC","""","Active","19-MAY-26","18-MAY-27","159 Us Route 1 ","Hancock","ME","Bucksport",""""
"AMS1641","Store","Store","RIVER RISE INC","""","Active","19-MAY-26","18-MAY-27","159 Us Route 1 ","Hancock","ME","Bucksport",""""
"AMS1641","Store","Store","RIVER RISE INC","""","Active","19-MAY-26","18-MAY-27","159 Us Route 1 ","Hancock","ME","Bucksport",""""
"AMS1641","Store","Store","RIVER RISE INC","""","Active","19-MAY-26","18-MAY-27","159 Us Route 1 ","Hancock","ME","Bucksport",""""
"AMS1642","Store","Store","PINECONE RETAIL 4 LLC","JAR CANNABIS CO.","Active","24-OCT-25","23-OCT-26","468 Portland St ","York","ME","Berwick","www.jarcannabis.com"
"AMS1642","Store","Store","PINECONE RETAIL 4 LLC","JAR CANNABIS CO.","Active","24-OCT-25","23-OCT-26","468 Portland St ","York","ME","Berwick","www.jarcannabis.com"
"AMS1642","Store","Store","PINECONE RETAIL 4 LLC","JAR CANNABIS CO.","Active","24-OCT-25","23-OCT-26","468 Portland St ","York","ME","Berwick","www.jarcannabis.com"
"AMS1642","Store","Store","PINECONE RETAIL 4 LLC","JAR CANNABIS CO.","Active","24-OCT-25","23-OCT-26","468 Portland St ","York","ME","Berwick","www.jarcannabis.com"
"AMS1643","Store","Store","806 SABATTUS ST LEWISTON MAINE CH LLC","CANNABIS HAVEN","Active","23-OCT-25","22-OCT-26","806 Sabattus St Ste 2 ","Androscoggin","ME","Lewiston",""""
"AMS1643","Store","Store","806 SABATTUS ST LEWISTON MAINE CH LLC","CANNABIS HAVEN","Active","23-OCT-25","22-OCT-26","806 Sabattus St Ste 2 ","Androscoggin","ME","Lewiston",""""
"AMS1644","Store","Store","VINTAGE CANNABIS LLC","""","Active","04-OCT-25","03-OCT-26","325 Water St ","Kennebec","ME","Gardiner","https://www.vccmaine.com/"
"AMS1644","Store","Store","VINTAGE CANNABIS LLC","""","Active","04-OCT-25","03-OCT-26","325 Water St ","Kennebec","ME","Gardiner","https://www.vccmaine.com/"
"AMS1651","Store","Store","HYRULE MANAGEMENT, LLC","""","Active","28-AUG-25","27-AUG-26","45 Wharf St ","Cumberland","ME","Portland","https://www.highergrounds.me/"
"AMS1651","Store","Store","HYRULE MANAGEMENT, LLC","""","Active","28-AUG-25","27-AUG-26","45 Wharf St ","Cumberland","ME","Portland","https://www.highergrounds.me/"
"AMS1651","Store","Store","HYRULE MANAGEMENT, LLC","""","Active","28-AUG-25","27-AUG-26","45 Wharf St ","Cumberland","ME","Portland","https://www.highergrounds.me/"
"AMS1651","Store","Store","HYRULE MANAGEMENT, LLC","""","Active","28-AUG-25","27-AUG-26","45 Wharf St ","Cumberland","ME","Portland","https://www.highergrounds.me/"
"AMS1657","Store","Store","LIGHTHOUSE HOLDINGS 1, LLC","""","Active","17-APR-26","16-APR-27","685 Wilson St ","Penobscot","ME","Brewer",""""
"AMS1657","Store","Store","LIGHTHOUSE HOLDINGS 1, LLC","""","Active","17-APR-26","16-APR-27","685 Wilson St ","Penobscot","ME","Brewer",""""
"AMS1660","Store","Store","265 WESTERN AVE AUGUSTA MAINE CH LLC","CANNABIS HAVEN AUGUSTA 265 WESTERN AVE","Active","20-MAR-26","19-MAR-27","265 Western Ave ","Kennebec","ME","Augusta",""""
"AMS1660","Store","Store","265 WESTERN AVE AUGUSTA MAINE CH LLC","CANNABIS HAVEN AUGUSTA 265 WESTERN AVE","Active","20-MAR-26","19-MAR-27","265 Western Ave ","Kennebec","ME","Augusta",""""
"AMS1662","Store","Store","BLOSSOM, LLC","""","Active","06-NOV-25","05-NOV-26","9 Renaissance Way Ste 3 ","York","ME","Sanford","https://stachemaine.com/"
"AMS1662","Store","Store","BLOSSOM, LLC","""","Active","06-NOV-25","05-NOV-26","9 Renaissance Way Ste 3 ","York","ME","Sanford","https://stachemaine.com/"
"AMS1662","Store","Store","BLOSSOM, LLC","""","Active","06-NOV-25","05-NOV-26","9 Renaissance Way Ste 3 ","York","ME","Sanford","https://stachemaine.com/"
"AMS1662","Store","Store","BLOSSOM, LLC","""","Active","06-NOV-25","05-NOV-26","9 Renaissance Way Ste 3 ","York","ME","Sanford","https://stachemaine.com/"
"AMS1664","Store","Store","THEORY WELLNESS OF MAINE, LLC","""","Active","28-APR-26","27-APR-27","152 Western Ave Ste 7 ","Kennebec","ME","Augusta","https://theorywellness.org/"
"AMS1664","Store","Store","THEORY WELLNESS OF MAINE, LLC","""","Active","28-APR-26","27-APR-27","152 Western Ave Ste 7 ","Kennebec","ME","Augusta","https://theorywellness.org/"
"AMS1664","Store","Store","THEORY WELLNESS OF MAINE, LLC","""","Active","28-APR-26","27-APR-27","152 Western Ave Ste 7 ","Kennebec","ME","Augusta","https://theorywellness.org/"
"AMS1669","Store","Store","FARMACOLOGY, LLC","""","Active","29-APR-26","28-APR-27","292 State St ","Kennebec","ME","Augusta","https://www.highbrowmaine.com/order-augusta"
"AMS1669","Store","Store","FARMACOLOGY, LLC","""","Active","29-APR-26","28-APR-27","292 State St ","Kennebec","ME","Augusta","https://www.highbrowmaine.com/order-augusta"
"AMS1671","Store","Store","AUGUSTA CANNABIS CO LLC","""","Active","18-NOV-25","17-NOV-26","393 Western Ave Ste 1 ","Kennebec","ME","Augusta",""""
"AMS1671","Store","Store","AUGUSTA CANNABIS CO LLC","""","Active","18-NOV-25","17-NOV-26","393 Western Ave Ste 1 ","Kennebec","ME","Augusta",""""
"AMS1672","Store","Store","COASTAL ROOTS - OXFORD, LLC","""","Active","25-NOV-25","24-NOV-26","1258 Main St ","Oxford","ME","Oxford","https://www.coastalroots.com/"
"AMS1672","Store","Store","COASTAL ROOTS - OXFORD, LLC","""","Active","25-NOV-25","24-NOV-26","1258 Main St ","Oxford","ME","Oxford","https://www.coastalroots.com/"
"AMS1684","Store","Store","MYSTIQUE RETAIL LLC","""","Active","10-APR-26","09-APR-27","29 Western Ave ","Cumberland","ME","South Portland",""""
"AMS1684","Store","Store","MYSTIQUE RETAIL LLC","""","Active","10-APR-26","09-APR-27","29 Western Ave ","Cumberland","ME","South Portland",""""
"AMS1684","Store","Store","MYSTIQUE RETAIL LLC","""","Active","10-APR-26","09-APR-27","29 Western Ave ","Cumberland","ME","South Portland",""""
"AMS1684","Store","Store","MYSTIQUE RETAIL LLC","""","Active","10-APR-26","09-APR-27","29 Western Ave ","Cumberland","ME","South Portland",""""
"AMS1684","Store","Store","MYSTIQUE RETAIL LLC","""","Active","10-APR-26","09-APR-27","29 Western Ave ","Cumberland","ME","South Portland",""""
"AMS1684","Store","Store","MYSTIQUE RETAIL LLC","""","Active","10-APR-26","09-APR-27","29 Western Ave ","Cumberland","ME","South Portland",""""
"AMS1684","Store","Store","MYSTIQUE RETAIL LLC","""","Active","10-APR-26","09-APR-27","29 Western Ave ","Cumberland","ME","South Portland",""""
"AMS1685","Store","Store","MYSTIQUE RETAIL LLC","""","Active","10-APR-26","09-APR-27","685 Congress St ","Cumberland","ME","Portland",""""
"AMS1685","Store","Store","MYSTIQUE RETAIL LLC","""","Active","10-APR-26","09-APR-27","685 Congress St ","Cumberland","ME","Portland",""""
"AMS1685","Store","Store","MYSTIQUE RETAIL LLC","""","Active","10-APR-26","09-APR-27","685 Congress St ","Cumberland","ME","Portland",""""
"AMS1685","Store","Store","MYSTIQUE RETAIL LLC","""","Active","10-APR-26","09-APR-27","685 Congress St ","Cumberland","ME","Portland",""""
"AMS1685","Store","Store","MYSTIQUE RETAIL LLC","""","Active","10-APR-26","09-APR-27","685 Congress St ","Cumberland","ME","Portland",""""
"AMS1685","Store","Store","MYSTIQUE RETAIL LLC","""","Active","10-APR-26","09-APR-27","685 Congress St ","Cumberland","ME","Portland",""""
"AMS1685","Store","Store","MYSTIQUE RETAIL LLC","""","Active","10-APR-26","09-APR-27","685 Congress St ","Cumberland","ME","Portland",""""
"AMS1686","Store","Store","MYSTIQUE RETAIL LLC","""","Active","10-APR-26","09-APR-27","31 Main Ave ","Kennebec","ME","Gardiner",""""
"AMS1686","Store","Store","MYSTIQUE RETAIL LLC","""","Active","10-APR-26","09-APR-27","31 Main Ave ","Kennebec","ME","Gardiner",""""
"AMS1686","Store","Store","MYSTIQUE RETAIL LLC","""","Active","10-APR-26","09-APR-27","31 Main Ave ","Kennebec","ME","Gardiner",""""
"AMS1686","Store","Store","MYSTIQUE RETAIL LLC","""","Active","10-APR-26","09-APR-27","31 Main Ave ","Kennebec","ME","Gardiner",""""
"AMS1686","Store","Store","MYSTIQUE RETAIL LLC","""","Active","10-APR-26","09-APR-27","31 Main Ave ","Kennebec","ME","Gardiner",""""
"AMS1686","Store","Store","MYSTIQUE RETAIL LLC","""","Active","10-APR-26","09-APR-27","31 Main Ave ","Kennebec","ME","Gardiner",""""
"AMS1686","Store","Store","MYSTIQUE RETAIL LLC","""","Active","10-APR-26","09-APR-27","31 Main Ave ","Kennebec","ME","Gardiner",""""
"AMS1687","Store","Store","MYSTIQUE RETAIL LLC","""","Active","10-APR-26","09-APR-27","221 Dirigo Dr ","Penobscot","ME","Brewer",""""
"AMS1687","Store","Store","MYSTIQUE RETAIL LLC","""","Active","10-APR-26","09-APR-27","221 Dirigo Dr ","Penobscot","ME","Brewer",""""
"AMS1687","Store","Store","MYSTIQUE RETAIL LLC","""","Active","10-APR-26","09-APR-27","221 Dirigo Dr ","Penobscot","ME","Brewer",""""
"AMS1687","Store","Store","MYSTIQUE RETAIL LLC","""","Active","10-APR-26","09-APR-27","221 Dirigo Dr ","Penobscot","ME","Brewer",""""
"AMS1687","Store","Store","MYSTIQUE RETAIL LLC","""","Active","10-APR-26","09-APR-27","221 Dirigo Dr ","Penobscot","ME","Brewer",""""
"AMS1687","Store","Store","MYSTIQUE RETAIL LLC","""","Active","10-APR-26","09-APR-27","221 Dirigo Dr ","Penobscot","ME","Brewer",""""
"AMS1687","Store","Store","MYSTIQUE RETAIL LLC","""","Active","10-APR-26","09-APR-27","221 Dirigo Dr ","Penobscot","ME","Brewer",""""
"AMS1691","Store","Store","BROTHERS LINCOLN LLC","""","Active","27-FEB-26","26-FEB-27","222 W Broadway Unit 2 ","Penobscot","ME","Lincoln",""""
"AMS1691","Store","Store","BROTHERS LINCOLN LLC","""","Active","27-FEB-26","26-FEB-27","222 W Broadway Unit 2 ","Penobscot","ME","Lincoln",""""
"AMS1691","Store","Store","BROTHERS LINCOLN LLC","""","Active","27-FEB-26","26-FEB-27","222 W Broadway Unit 2 ","Penobscot","ME","Lincoln",""""
"AMS1691","Store","Store","BROTHERS LINCOLN LLC","""","Active","27-FEB-26","26-FEB-27","222 W Broadway Unit 2 ","Penobscot","ME","Lincoln",""""
"AMS1691","Store","Store","BROTHERS LINCOLN LLC","""","Active","27-FEB-26","26-FEB-27","222 W Broadway Unit 2 ","Penobscot","ME","Lincoln",""""
"AMS1692","Store","Store","WEST PARIS MERCANTILE, LLC","""","Active","04-AUG-26","03-AUG-27","253 Bethel Rd Unit A ","Oxford","ME","West Paris","Westparismercantile.com"
"AMS1692","Store","Store","WEST PARIS MERCANTILE, LLC","""","Active","04-AUG-26","03-AUG-27","253 Bethel Rd Unit A ","Oxford","ME","West Paris","Westparismercantile.com"
"AMS1692","Store","Store","WEST PARIS MERCANTILE, LLC","""","Active","04-AUG-26","03-AUG-27","253 Bethel Rd Unit A ","Oxford","ME","West Paris","Westparismercantile.com"
"AMS1692","Store","Store","WEST PARIS MERCANTILE, LLC","""","Active","04-AUG-26","03-AUG-27","253 Bethel Rd Unit A ","Oxford","ME","West Paris","Westparismercantile.com"
"AMS1693","Store","Store","GRM SHOP FOREST LLC","""","Active","01-APR-26","31-MAR-27","945 Forest Ave ","Cumberland","ME","Portland","GRM207.COM"
"AMS1693","Store","Store","GRM SHOP FOREST LLC","""","Active","01-APR-26","31-MAR-27","945 Forest Ave ","Cumberland","ME","Portland","GRM207.COM"
"AMS1693","Store","Store","GRM SHOP FOREST LLC","""","Active","01-APR-26","31-MAR-27","945 Forest Ave ","Cumberland","ME","Portland","GRM207.COM"
"AMS1693","Store","Store","GRM SHOP FOREST LLC","""","Active","01-APR-26","31-MAR-27","945 Forest Ave ","Cumberland","ME","Portland","GRM207.COM"
"AMS1693","Store","Store","GRM SHOP FOREST LLC","""","Active","01-APR-26","31-MAR-27","945 Forest Ave ","Cumberland","ME","Portland","GRM207.COM"
"AMS1693","Store","Store","GRM SHOP FOREST LLC","""","Active","01-APR-26","31-MAR-27","945 Forest Ave ","Cumberland","ME","Portland","GRM207.COM"
"AMS1694","Store","Store","CBW LABS LLC","WHITE MOUNTAIN CRAFT CANNABIS","Active","22-MAY-26","21-MAY-27","285 Main St ","Oxford","ME","Fryeburg","WHITEMOUNTAINCRAFTCANNABIS.COM"
"AMS1694","Store","Store","CBW LABS LLC","WHITE MOUNTAIN CRAFT CANNABIS","Active","22-MAY-26","21-MAY-27","285 Main St ","Oxford","ME","Fryeburg","WHITEMOUNTAINCRAFTCANNABIS.COM"
"AMS1699","Store","Store","JAR CO. CV LLC","JAR CANNABIS CO.","Active","12-JUN-26","11-JUN-27","564 Bath Rd ","Lincoln","ME","Wiscasset","WWW.JARCANNABIS.COM"
"AMS1699","Store","Store","JAR CO. CV LLC","JAR CANNABIS CO.","Active","12-JUN-26","11-JUN-27","564 Bath Rd ","Lincoln","ME","Wiscasset","WWW.JARCANNABIS.COM"
"AMS1699","Store","Store","JAR CO. CV LLC","JAR CANNABIS CO.","Active","12-JUN-26","11-JUN-27","564 Bath Rd ","Lincoln","ME","Wiscasset","WWW.JARCANNABIS.COM"
"AMS1699","Store","Store","JAR CO. CV LLC","JAR CANNABIS CO.","Active","12-JUN-26","11-JUN-27","564 Bath Rd ","Lincoln","ME","Wiscasset","WWW.JARCANNABIS.COM"
"AMS1706","Store","Store","1217 CONGRESS STREET, LLC","THE FIRE STATION","Active","27-FEB-26","26-FEB-27","1217 Congress St ","Cumberland","ME","Portland",""""
"AMS1706","Store","Store","1217 CONGRESS STREET, LLC","THE FIRE STATION","Active","27-FEB-26","26-FEB-27","1217 Congress St ","Cumberland","ME","Portland",""""
"AMS1706","Store","Store","1217 CONGRESS STREET, LLC","THE FIRE STATION","Active","27-FEB-26","26-FEB-27","1217 Congress St ","Cumberland","ME","Portland",""""
"AMS1718","Store","Store","COASTAL ROOTS - SOUTH PORTLAND, LLC","""","Active","12-JUN-26","11-JUN-27","27 Ocean St Ste 1 ","Cumberland","ME","South Portland",""""
"AMS1718","Store","Store","COASTAL ROOTS - SOUTH PORTLAND, LLC","""","Active","12-JUN-26","11-JUN-27","27 Ocean St Ste 1 ","Cumberland","ME","South Portland",""""
"AMS1724","Store","Store","THEORY WELLNESS OF MAINE, LLC","""","Active","07-MAY-26","06-MAY-27","569 Stillwater Ave Ste C ","Penobscot","ME","Bangor",""""
"AMS1724","Store","Store","THEORY WELLNESS OF MAINE, LLC","""","Active","07-MAY-26","06-MAY-27","569 Stillwater Ave Ste C ","Penobscot","ME","Bangor",""""
"AMS1724","Store","Store","THEORY WELLNESS OF MAINE, LLC","""","Active","07-MAY-26","06-MAY-27","569 Stillwater Ave Ste C ","Penobscot","ME","Bangor",""""
"AMS1726","Store","Store","THEORY WELLNESS OF MAINE, LLC","""","Active","18-SEP-25","17-SEP-26","20 Industrial St ","Kennebec","ME","Waterville",""""
"AMS1726","Store","Store","THEORY WELLNESS OF MAINE, LLC","""","Active","18-SEP-25","17-SEP-26","20 Industrial St ","Kennebec","ME","Waterville",""""
"AMS1726","Store","Store","THEORY WELLNESS OF MAINE, LLC","""","Active","18-SEP-25","17-SEP-26","20 Industrial St ","Kennebec","ME","Waterville",""""
"AMS1727","Store","Store","THEORY WELLNESS OF MAINE, LLC","""","Active","30-SEP-25","29-SEP-26","8 Dexter Ln Unit 8 ","York","ME","Kittery",""""
"AMS1727","Store","Store","THEORY WELLNESS OF MAINE, LLC","""","Active","30-SEP-25","29-SEP-26","8 Dexter Ln Unit 8 ","York","ME","Kittery",""""
"AMS1727","Store","Store","THEORY WELLNESS OF MAINE, LLC","""","Active","30-SEP-25","29-SEP-26","8 Dexter Ln Unit 8 ","York","ME","Kittery",""""
"AMS1739","Store","Store","WARREN AVE AF LLC","ATLANTIC FARMS","Active","20-OCT-25","19-OCT-26","460 Warren Ave ","Cumberland","ME","Portland",""""
"AMS1739","Store","Store","WARREN AVE AF LLC","ATLANTIC FARMS","Active","20-OCT-25","19-OCT-26","460 Warren Ave ","Cumberland","ME","Portland",""""
"AMS1739","Store","Store","WARREN AVE AF LLC","ATLANTIC FARMS","Active","20-OCT-25","19-OCT-26","460 Warren Ave ","Cumberland","ME","Portland",""""
"AMS1742","Store","Store","ORACLE INDUSTRIES, LLC","AURAZ","Active","22-JAN-26","21-JAN-27","32 Brook Rd Bldg 1 Unit B ","York","ME","Eliot","www.auraz.com"
"AMS1742","Store","Store","ORACLE INDUSTRIES, LLC","AURAZ","Active","22-JAN-26","21-JAN-27","32 Brook Rd Bldg 1 Unit B ","York","ME","Eliot","www.auraz.com"
"AMS1743","Store","Store","CURALEAF MAINE ADULT USE, INC.","BRILLIANT BUDS BETHEL","Active","25-FEB-26","24-FEB-27","602 West Bethel Rd ","""","ME","Bethel","www.curaleaf.com"
"AMS1743","Store","Store","CURALEAF MAINE ADULT USE, INC.","BRILLIANT BUDS BETHEL","Active","25-FEB-26","24-FEB-27","602 West Bethel Rd ","""","ME","Bethel","www.curaleaf.com"
"AMS1743","Store","Store","CURALEAF MAINE ADULT USE, INC.","BRILLIANT BUDS BETHEL","Active","25-FEB-26","24-FEB-27","602 West Bethel Rd ","""","ME","Bethel","www.curaleaf.com"
"AMS1744","Store","Store","THEORY WELLNESS OF MAINE 4 LLC","BEACH BOYS CANNABIS","Active","26-AUG-25","25-AUG-26","11 Ocean Park Road ","York","ME","Old Orchard Beach","N/A"
"AMS1744","Store","Store","THEORY WELLNESS OF MAINE 4 LLC","BEACH BOYS CANNABIS","Active","26-AUG-25","25-AUG-26","11 Ocean Park Road ","York","ME","Old Orchard Beach","N/A"
"AMS1744","Store","Store","THEORY WELLNESS OF MAINE 4 LLC","BEACH BOYS CANNABIS","Active","26-AUG-25","25-AUG-26","11 Ocean Park Road ","York","ME","Old Orchard Beach","N/A"
"AMS1744","Store","Store","THEORY WELLNESS OF MAINE 4 LLC","BEACH BOYS CANNABIS","Active","26-AUG-25","25-AUG-26","11 Ocean Park Road ","York","ME","Old Orchard Beach","N/A"
"AMS1744","Store","Store","THEORY WELLNESS OF MAINE 4 LLC","BEACH BOYS CANNABIS","Active","26-AUG-25","25-AUG-26","11 Ocean Park Road ","York","ME","Old Orchard Beach","N/A"
"AMS1744","Store","Store","THEORY WELLNESS OF MAINE 4 LLC","BEACH BOYS CANNABIS","Active","26-AUG-25","25-AUG-26","11 Ocean Park Road ","York","ME","Old Orchard Beach","N/A"
"AMS1745","Store","Store","CURALEAF MAINE ADULT USE, INC.","""","Active","15-JAN-26","14-JAN-27","829 Hogan Rd Unit 46 ","Penobscot","ME","Bangor","www.curaleaf.com"
"AMS1745","Store","Store","CURALEAF MAINE ADULT USE, INC.","""","Active","15-JAN-26","14-JAN-27","829 Hogan Rd Unit 46 ","Penobscot","ME","Bangor","www.curaleaf.com"
"AMS1745","Store","Store","CURALEAF MAINE ADULT USE, INC.","""","Active","15-JAN-26","14-JAN-27","829 Hogan Rd Unit 46 ","Penobscot","ME","Bangor","www.curaleaf.com"
"AMS1748","Store","Store","1240 LISBON ST LEWISTON MAINE CH LLC","CANNABIS HAVEN LEWISTON 1240 LISBON ST","Active","18-NOV-25","17-NOV-26","1240 Lisbon St ","Androscoggin","ME","Lewiston",""""
"AMS1748","Store","Store","1240 LISBON ST LEWISTON MAINE CH LLC","CANNABIS HAVEN LEWISTON 1240 LISBON ST","Active","18-NOV-25","17-NOV-26","1240 Lisbon St ","Androscoggin","ME","Lewiston",""""
"AMS1755","Store","Store","HIGHLY CANNACO RETAIL #8, LLC","""","Active","09-OCT-25","08-OCT-26","495 Harold L Dow Hwy Bldg 1 ","York","ME","Eliot","https://gethighly.com"
"AMS1755","Store","Store","HIGHLY CANNACO RETAIL #8, LLC","""","Active","09-OCT-25","08-OCT-26","495 Harold L Dow Hwy Bldg 1 ","York","ME","Eliot","https://gethighly.com"
"AMS1765","Store","Store","HARVEST CC, LLC","HARVEST CANNABIS COMPANY","Active","17-JUN-26","16-JUN-27","1027 Sabattus St ","Androscoggin","ME","Lewiston",""""
"AMS1765","Store","Store","HARVEST CC, LLC","HARVEST CANNABIS COMPANY","Active","17-JUN-26","16-JUN-27","1027 Sabattus St ","Androscoggin","ME","Lewiston",""""
"AMS1769","Store","Store","1236 CONGRESS ST PORTLAND MAINE CH LLC","CANNABIS HAVEN PORTLAND 1236 CONGRESS ST","Active","02-FEB-26","01-FEB-27","1236 Congress St ","Cumberland","ME","Portland","https://cannabishaven.com/"
"AMS1769","Store","Store","1236 CONGRESS ST PORTLAND MAINE CH LLC","CANNABIS HAVEN PORTLAND 1236 CONGRESS ST","Active","02-FEB-26","01-FEB-27","1236 Congress St ","Cumberland","ME","Portland","https://cannabishaven.com/"
"AMS1770","Store","Store","STACEY JAMES","PINE ISLAND REC","Active","19-MAY-26","18-MAY-27","461 Old Rte 1 ","Washington","ME","Baring Plt",""""
"AMS1770","Store","Store","STACEY JAMES","PINE ISLAND REC","Active","19-MAY-26","18-MAY-27","461 Old Rte 1 ","Washington","ME","Baring Plt",""""
"AMS1771","Store","Store","ASTRO TERF LLC","""","Active","02-JUL-26","01-JUL-27","634 Main St Unit 2 ","Oxford","ME","Oxford","astroterfcannabis.com"
"AMS1771","Store","Store","ASTRO TERF LLC","""","Active","02-JUL-26","01-JUL-27","634 Main St Unit 2 ","Oxford","ME","Oxford","astroterfcannabis.com"
"AMS1774","Store","Store","OLD PORT DEVELOPMENT II LLC","FIRE ON FORE","Active","12-AUG-26","11-AUG-27","363 Fore St ","Cumberland","ME","Portland","https://www.fireonfore.com/"
"AMS1774","Store","Store","OLD PORT DEVELOPMENT II LLC","FIRE ON FORE","Active","12-AUG-26","11-AUG-27","363 Fore St ","Cumberland","ME","Portland","https://www.fireonfore.com/"
"AMS1774","Store","Store","OLD PORT DEVELOPMENT II LLC","FIRE ON FORE","Active","12-AUG-26","11-AUG-27","363 Fore St ","Cumberland","ME","Portland","https://www.fireonfore.com/"
"AMS1774","Store","Store","OLD PORT DEVELOPMENT II LLC","FIRE ON FORE","Active","12-AUG-26","11-AUG-27","363 Fore St ","Cumberland","ME","Portland","https://www.fireonfore.com/"
"AMS1775","Store","Store","RUGGED ROOTS SOUTH, LLC","""","Active","13-MAR-26","12-MAR-27","1022 Stillwater Ave ","Penobscot","ME","Bangor","https://ruggedrootsinc.com/"
"AMS1775","Store","Store","RUGGED ROOTS SOUTH, LLC","""","Active","13-MAR-26","12-MAR-27","1022 Stillwater Ave ","Penobscot","ME","Bangor","https://ruggedrootsinc.com/"
"AMS1775","Store","Store","RUGGED ROOTS SOUTH, LLC","""","Active","13-MAR-26","12-MAR-27","1022 Stillwater Ave ","Penobscot","ME","Bangor","https://ruggedrootsinc.com/"
"AMS1775","Store","Store","RUGGED ROOTS SOUTH, LLC","""","Active","13-MAR-26","12-MAR-27","1022 Stillwater Ave ","Penobscot","ME","Bangor","https://ruggedrootsinc.com/"
"AMS1776","Store","Store","REJUVENATE CC LLC","""","Active","13-FEB-26","12-FEB-27","140 Federal Rd ","York","ME","Parsonsfield",""""
"AMS1776","Store","Store","REJUVENATE CC LLC","""","Active","13-FEB-26","12-FEB-27","140 Federal Rd ","York","ME","Parsonsfield",""""
"AMS1778","Store","Store","RUGGED ROOTS SOUTH, LLC","""","Active","20-JAN-26","19-JAN-27","378 Western Ave ","Kennebec","ME","Augusta","https://ruggedrootsinc.com/"
"AMS1778","Store","Store","RUGGED ROOTS SOUTH, LLC","""","Active","20-JAN-26","19-JAN-27","378 Western Ave ","Kennebec","ME","Augusta","https://ruggedrootsinc.com/"
"AMS1778","Store","Store","RUGGED ROOTS SOUTH, LLC","""","Active","20-JAN-26","19-JAN-27","378 Western Ave ","Kennebec","ME","Augusta","https://ruggedrootsinc.com/"
"AMS1778","Store","Store","RUGGED ROOTS SOUTH, LLC","""","Active","20-JAN-26","19-JAN-27","378 Western Ave ","Kennebec","ME","Augusta","https://ruggedrootsinc.com/"
"AMS1783","Store","Store","JRR EAST LLC","PURPLE HAZE BY GOOSE RIVER","Active","24-JUN-26","23-JUN-27","202 Us Hwy 1 ","Washington","ME","Baring Plantation","N/A"
"AMS1783","Store","Store","JRR EAST LLC","PURPLE HAZE BY GOOSE RIVER","Active","24-JUN-26","23-JUN-27","202 Us Hwy 1 ","Washington","ME","Baring Plantation","N/A"
"AMS1783","Store","Store","JRR EAST LLC","PURPLE HAZE BY GOOSE RIVER","Active","24-JUN-26","23-JUN-27","202 Us Hwy 1 ","Washington","ME","Baring Plantation","N/A"
"AMS1783","Store","Store","JRR EAST LLC","PURPLE HAZE BY GOOSE RIVER","Active","24-JUN-26","23-JUN-27","202 Us Hwy 1 ","Washington","ME","Baring Plantation","N/A"
"AMS1785","Store","Store","SILVER THERAPEUTICS OF SOUTH PORTLAND, LLC","""","Active","08-JAN-26","07-JAN-27","18 Federal Rd ","York","ME","Parsonsfield","https://silver-therapeutics.com/"
"AMS1785","Store","Store","SILVER THERAPEUTICS OF SOUTH PORTLAND, LLC","""","Active","08-JAN-26","07-JAN-27","18 Federal Rd ","York","ME","Parsonsfield","https://silver-therapeutics.com/"
"AMS1786","Store","Store","ZGE BOTANICALS, LLC","ZERO GRAVITY CANNABIS","Active","30-MAR-26","29-MAR-27","52 River Rd ","Kennebec","ME","Chelsea","https://zerogravitycannabis.com/"
"AMS1786","Store","Store","ZGE BOTANICALS, LLC","ZERO GRAVITY CANNABIS","Active","30-MAR-26","29-MAR-27","52 River Rd ","Kennebec","ME","Chelsea","https://zerogravitycannabis.com/"
"AMS1786","Store","Store","ZGE BOTANICALS, LLC","ZERO GRAVITY CANNABIS","Active","30-MAR-26","29-MAR-27","52 River Rd ","Kennebec","ME","Chelsea","https://zerogravitycannabis.com/"
"AMS1786","Store","Store","ZGE BOTANICALS, LLC","ZERO GRAVITY CANNABIS","Active","30-MAR-26","29-MAR-27","52 River Rd ","Kennebec","ME","Chelsea","https://zerogravitycannabis.com/"
"AMS1791","Store","Store","STONER & CO., LLC","""","Active","25-NOV-25","24-NOV-26","210 College Ave ","Kennebec","ME","Waterville","WWW.STONERANDCO.COM"
"AMS1791","Store","Store","STONER & CO., LLC","""","Active","25-NOV-25","24-NOV-26","210 College Ave ","Kennebec","ME","Waterville","WWW.STONERANDCO.COM"
"AMS1791","Store","Store","STONER & CO., LLC","""","Active","25-NOV-25","24-NOV-26","210 College Ave ","Kennebec","ME","Waterville","WWW.STONERANDCO.COM"
"AMS1791","Store","Store","STONER & CO., LLC","""","Active","25-NOV-25","24-NOV-26","210 College Ave ","Kennebec","ME","Waterville","WWW.STONERANDCO.COM"
"AMS1802","Store","Store","COSMO VENTURES LLC","CANNA CABANA","Active","16-DEC-25","15-DEC-26","216 Wilton Rd ","Franklin","ME","Farmington",""""
"AMS1802","Store","Store","COSMO VENTURES LLC","CANNA CABANA","Active","16-DEC-25","15-DEC-26","216 Wilton Rd ","Franklin","ME","Farmington",""""
"AMS1806","Store","Store","KENDER FARMS, INC.","BLUE SKY","Active","06-APR-26","05-APR-27","434 Main St ","Lincoln","ME","Damariscotta",""""
"AMS1806","Store","Store","KENDER FARMS, INC.","BLUE SKY","Active","06-APR-26","05-APR-27","434 Main St ","Lincoln","ME","Damariscotta",""""
"AMS1806","Store","Store","KENDER FARMS, INC.","BLUE SKY","Active","06-APR-26","05-APR-27","434 Main St ","Lincoln","ME","Damariscotta",""""
"AMS1806","Store","Store","KENDER FARMS, INC.","BLUE SKY","Active","06-APR-26","05-APR-27","434 Main St ","Lincoln","ME","Damariscotta",""""
"AMS1807","Store","Store","FROSTED FIRE AU LLC","FROSTED FIRE","Active","08-APR-26","07-APR-27","1085 Main St ","Androscoggin","ME","Lewiston",""""
"AMS1807","Store","Store","FROSTED FIRE AU LLC","FROSTED FIRE","Active","08-APR-26","07-APR-27","1085 Main St ","Androscoggin","ME","Lewiston",""""
"AMS1817","Store","Store","IDC 5 LLC","JAR CANNABIS CO.","Active","08-JUL-26","07-JUL-27","181 State Rd ","York","ME","Kittery","WWW.JARCANNABIS.COM"
"AMS1817","Store","Store","IDC 5 LLC","JAR CANNABIS CO.","Active","08-JUL-26","07-JUL-27","181 State Rd ","York","ME","Kittery","WWW.JARCANNABIS.COM"
"AMS1817","Store","Store","IDC 5 LLC","JAR CANNABIS CO.","Active","08-JUL-26","07-JUL-27","181 State Rd ","York","ME","Kittery","WWW.JARCANNABIS.COM"
"AMS1817","Store","Store","IDC 5 LLC","JAR CANNABIS CO.","Active","08-JUL-26","07-JUL-27","181 State Rd ","York","ME","Kittery","WWW.JARCANNABIS.COM"
"AMS1817","Store","Store","IDC 5 LLC","JAR CANNABIS CO.","Active","08-JUL-26","07-JUL-27","181 State Rd ","York","ME","Kittery","WWW.JARCANNABIS.COM"
"AMS1818","Store","Store","HAZY HILL FARMS, LLC","HAZY HILL FARM","Active","18-MAR-26","17-MAR-27","482 Congress St ","Cumberland","ME","Portland","hazyhillfarm.com"
"AMS1818","Store","Store","HAZY HILL FARMS, LLC","HAZY HILL FARM","Active","18-MAR-26","17-MAR-27","482 Congress St ","Cumberland","ME","Portland","hazyhillfarm.com"
"AMS1818","Store","Store","HAZY HILL FARMS, LLC","HAZY HILL FARM","Active","18-MAR-26","17-MAR-27","482 Congress St ","Cumberland","ME","Portland","hazyhillfarm.com"
"AMS1818","Store","Store","HAZY HILL FARMS, LLC","HAZY HILL FARM","Active","18-MAR-26","17-MAR-27","482 Congress St ","Cumberland","ME","Portland","hazyhillfarm.com"
"AMS1818","Store","Store","HAZY HILL FARMS, LLC","HAZY HILL FARM","Active","18-MAR-26","17-MAR-27","482 Congress St ","Cumberland","ME","Portland","hazyhillfarm.com"
"AMS1818","Store","Store","HAZY HILL FARMS, LLC","HAZY HILL FARM","Active","18-MAR-26","17-MAR-27","482 Congress St ","Cumberland","ME","Portland","hazyhillfarm.com"
"AMS1821","Store","Store","COASTAL ROOTS - BIDDEFORD, LLC","""","Active","17-JUN-26","16-JUN-27","4 Wellspring Rd ","York","ME","Biddeford",""""
"AMS1821","Store","Store","COASTAL ROOTS - BIDDEFORD, LLC","""","Active","17-JUN-26","16-JUN-27","4 Wellspring Rd ","York","ME","Biddeford",""""
"AMS1822","Store","Store","COASTAL ROOTS - BRIDGTON, LLC","""","Active","17-JUN-26","16-JUN-27","152 Portland Rd ","Cumberland","ME","Bridgton",""""
"AMS1822","Store","Store","COASTAL ROOTS - BRIDGTON, LLC","""","Active","17-JUN-26","16-JUN-27","152 Portland Rd ","Cumberland","ME","Bridgton",""""
"AMS1844","Store","Store","BB SOPO AU INC","""","Active","24-JUL-26","23-JUL-27","818 Main St Unit 2b ","Cumberland","ME","South Portland","www.beachboyscannabis.com"
"AMS1844","Store","Store","BB SOPO AU INC","""","Active","24-JUL-26","23-JUL-27","818 Main St Unit 2b ","Cumberland","ME","South Portland","www.beachboyscannabis.com"
"AMS1844","Store","Store","BB SOPO AU INC","""","Active","24-JUL-26","23-JUL-27","818 Main St Unit 2b ","Cumberland","ME","South Portland","www.beachboyscannabis.com"
"AMS1844","Store","Store","BB SOPO AU INC","""","Active","24-JUL-26","23-JUL-27","818 Main St Unit 2b ","Cumberland","ME","South Portland","www.beachboyscannabis.com"
